12,2,1,0,0,0,0,0,1,1,0,1,0,0,0,0,0,0,0,0,0,0,0,0,0,0,36,39,42,1,1,10,4,0
12,2,1,0,0,0,0,0,1,1,0,1,0,0,0,0,0,0,0,0,0,0,0,0,0,0,52,62,67,1,1,10,4,0
12,2,1,0,0,0,0,0,1,1,0,1,0,0,0,0,0,0,0,0,0,0,0,0,0,0,54,64,69,1,1,9,4,0
12,5,0,0,0,0,0,0,0,0,0,0,0,0,0,0,0,0,0,0,0,0,0,0,0,1,4,66,71,1,1,10,4,0
12,3,1,1,0,0,0,0,0,0,1,0,0,0,0,0,0,0,0,0,0,0,0,0,0,0,31,33,77,1,1,10,4,0
12,1,1,0,0,0,0,0,1,0,1,0,0,0,0,0,0,0,0,1,0,0,0,0,0,0,39,42,45,1,1,10,4,0
12,2,1,0,0,0,0,0,1,1,0,1,0,0,0,0,0,0,0,0,0,0,0,0,0,0,50,139,150,1,1,10,5,0
12,3,1,1,0,0,0,0,0,0,1,0,0,0,0,0,0,0,0,0,0,0,0,0,0,0,16,16,155,2,2,6,4,0
12,20,1,1,0,0,0,0,0,0,1,0,0,1,0,0,0,0,0,0,0,0,0,0,0,0,-1,-1,-1,1,1,9,5,0
12,1,1,0,0,0,0,0,1,0,1,0,0,0,0,0,0,0,0,1,0,0,0,0,0,0,68,162,182,1,1,10,4,0
12,2,1,0,0,0,0,0,1,1,0,1,0,0,0,0,0,0,0,0,0,0,0,0,0,0,120,169,189,1,1,10,4,0
12,2,1,0,0,0,0,0,1,1,0,1,0,0,0,0,0,0,0,0,0,0,0,0,0,0,10,148,165,1,1,10,4,0
12,16,1,1,0,0,0,0,1,0,1,1,0,0,0,0,0,0,0,0,0,0,0,0,0,0,18,50,53,1,1,9,5,0
12,2,1,0,0,0,0,0,1,1,0,1,0,0,0,0,0,0,0,0,0,0,0,0,0,0,98,196,224,2,2,-1,4,0
12,4,1,1,0,0,0,0,0,0,1,0,0,1,0,0,0,0,0,0,0,1,0,0,0,0,15,15,39,1,1,10,4,0
12,3,1,1,0,0,0,0,0,0,1,0,0,0,0,0,0,0,0,0,0,0,0,0,0,0,139,206,236,2,2,5,4,0
12,2,1,0,0,0,0,0,1,1,0,1,0,0,0,0,0,0,0,0,0,0,0,0,0,0,67,216,250,1,1,10,4,0
12,2,1,0,0,0,0,0,1,1,0,1,0,0,0,0,0,0,0,0,0,0,0,0,0,0,7,7,7,1,1,10,4,1
12,3,1,1,0,0,0,0,0,0,1,0,0,0,0,0,0,0,0,0,0,0,0,0,0,0,90,270,320,2,2,6,5,0
12,2,1,0,0,0,0,0,1,1,0,1,0,0,0,0,0,0,0,0,0,0,0,0,0,0,98,281,335,1,1,10,5,0
12,5,0,0,0,0,0,0,0,0,0,0,0,0,0,0,0,0,0,0,0,0,0,0,0,1,4,275,327,2,2,6,4,0
12,4,1,1,0,0,0,0,0,0,1,0,0,0,0,0,0,0,0,0,0,0,0,0,0,0,137,292,347,1,1,10,4,0
12,2,1,0,0,0,0,0,1,1,0,1,0,0,0,0,0,0,0,0,0,0,0,0,0,0,36,53,57,1,1,10,4,0
12,1,1,0,0,0,0,0,1,0,1,0,0,0,0,0,0,0,0,1,0,0,0,0,0,0,140,207,372,1,1,10,4,0
12,2,1,0,0,0,0,0,1,1,0,1,0,0,0,0,0,0,0,0,0,0,0,0,0,0,31,33,375,1,1,10,4,0
12,2,1,0,0,0,0,0,1,1,0,1,0,0,0,0,0,0,0,0,0,0,0,0,0,0,169,323,396,1,1,10,4,0
12,3,1,1,0,0,0,0,0,0,1,0,0,0,0,0,0,0,0,0,0,0,0,0,0,0,171,327,404,1,1,9,4,0
12,1,1,0,0,0,0,0,1,0,1,0,0,0,0,0,0,0,0,1,0,0,0,0,0,0,173,331,408,1,1,10,4,0
12,4,1,1,0,0,0,0,0,0,1,0,0,1,0,0,0,0,0,0,0,1,0,0,0,0,59,73,79,1,1,10,4,0
12,3,1,1,0,0,0,0,0,0,1,0,0,0,0,0,0,0,0,0,0,0,0,0,0,0,161,334,412,2,2,-1,4,0
12,6,1,1,0,0,0,0,0,0,0,0,0,1,0,0,0,0,0,0,0,0,0,0,0,0,105,143,158,1,1,10,4,0
12,2,1,0,0,0,0,0,1,1,0,1,0,0,0,0,0,0,0,0,0,0,0,0,0,0,14,256,445,1,1,10,4,0
12,2,1,0,0,0,0,0,1,1,0,1,0,0,0,0,0,0,0,0,0,0,0,0,0,0,176,340,419,2,2,-1,4,1
12,13,1,1,0,0,0,0,0,0,1,0,0,0,0,0,0,0,0,0,1,1,0,0,0,0,46,55,59,2,2,6,4,0
12,7,1,1,0,0,0,0,0,0,0,0,0,1,0,0,0,0,0,0,0,0,0,0,0,0,131,311,228,1,1,10,4,0
12,2,1,0,0,0,0,0,1,1,0,1,0,0,0,0,0,0,0,0,0,0,0,0,0,0,40,82,89,1,1,10,4,0
12,4,1,1,0,0,0,0,0,0,1,0,0,1,0,0,0,0,0,0,0,1,0,0,0,0,129,190,358,1,1,10,4,0
12,1,1,0,0,0,0,0,1,0,1,0,0,0,0,0,0,0,0,1,0,0,0,0,0,0,35,37,510,1,1,10,4,0
12,2,1,0,0,0,0,0,1,1,0,1,0,0,0,0,0,0,0,0,0,0,0,0,0,0,41,411,526,1,1,10,4,0
12,16,1,1,0,0,0,0,1,0,1,1,0,0,0,0,0,0,0,0,0,0,0,0,0,0,69,88,96,1,1,10,4,0
12,1,1,0,0,0,0,0,1,0,1,0,0,0,0,0,0,0,0,1,0,0,0,0,0,0,40,416,533,1,1,10,4,0
12,7,1,1,0,0,0,0,0,0,0,0,0,1,0,0,0,0,0,0,0,0,0,0,0,0,105,143,538,2,2,6,4,0
12,9,1,1,1,0,0,0,1,1,1,1,0,1,0,0,0,1,1,1,1,1,0,0,0,0,141,212,387,2,2,5,4,0
12,2,1,0,0,0,0,0,1,1,0,1,0,0,0,0,0,0,0,0,0,0,0,0,0,0,185,420,541,1,1,10,4,0
12,1,1,0,0,0,0,0,1,0,1,0,0,0,0,0,0,0,0,1,0,0,0,0,0,0,78,439,563,1,1,10,4,0
12,9,1,1,1,0,0,0,1,1,1,1,0,1,0,0,0,1,1,1,1,1,0,0,0,0,7,7,7,1,1,10,4,0
12,3,1,1,0,0,0,0,0,0,1,0,0,0,0,0,0,0,0,0,0,0,0,0,0,0,98,445,574,2,2,-1,4,0
12,3,1,1,0,0,0,0,0,0,1,0,0,0,0,0,0,0,0,0,0,0,0,0,0,0,36,39,42,2,2,6,4,0
12,28,1,1,0,0,0,0,0,0,1,0,0,1,0,0,0,0,0,0,0,0,0,0,0,0,2,2,2,1,1,7,5,1
12,29,1,1,0,0,0,0,0,0,1,0,0,0,0,0,0,0,0,0,0,0,0,0,0,0,142,452,589,1,1,10,5,0
12,2,1,0,0,0,0,0,1,1,0,1,0,0,0,0,0,0,0,0,0,0,0,0,0,0,134,455,592,1,1,10,4,0
12,1,1,0,0,0,0,0,1,0,1,0,0,0,0,0,0,0,0,1,0,0,0,0,0,0,152,305,367,1,1,10,4,0
12,2,1,0,0,0,0,0,1,1,0,1,0,0,0,0,0,0,0,0,0,0,0,0,0,0,184,414,529,1,1,10,4,0
12,3,1,1,0,0,0,0,0,0,1,0,0,0,0,0,0,0,0,0,0,0,0,0,0,0,60,74,80,2,2,-1,4,0
12,2,1,0,0,0,0,0,1,1,0,1,0,0,0,0,0,0,0,0,0,0,0,0,0,0,3,26,27,1,1,10,5,0
12,1,1,0,0,0,0,0,1,0,1,0,0,0,0,0,0,0,0,1,0,0,0,0,0,0,29,488,641,1,1,10,4,0
12,5,1,0,0,0,0,0,1,0,0,0,0,0,0,0,0,0,1,0,0,0,0,0,0,0,37,197,225,1,1,10,4,0
12,5,1,0,0,0,0,0,1,0,0,0,0,0,0,0,0,0,1,0,0,0,0,0,0,0,43,51,55,1,1,9,5,0
12,2,1,0,0,0,0,0,1,1,0,1,0,0,0,0,0,0,0,0,0,0,0,0,0,0,78,439,563,1,1,10,4,0
12,4,1,1,0,0,0,0,0,0,1,0,0,0,0,0,0,0,0,0,0,0,0,0,0,0,36,39,42,1,1,10,4,0
12,2,1,0,0,0,0,0,1,1,0,1,0,0,0,0,0,0,0,0,0,0,0,0,0,0,186,517,683,1,1,10,4,0
12,3,1,1,0,0,0,0,0,0,1,0,0,0,0,0,0,0,0,0,0,0,0,0,0,0,116,521,691,1,1,10,4,0
12,2,1,0,0,0,0,0,1,1,0,1,0,0,0,0,0,0,0,0,0,0,0,0,0,0,40,522,692,2,2,-1,4,0
12,1,1,0,0,0,0,0,1,0,1,0,0,0,0,0,0,0,0,1,0,0,0,0,0,0,91,120,557,1,1,10,4,0
12,2,1,0,0,0,0,0,1,1,0,1,0,0,0,0,0,0,0,0,0,0,0,0,0,0,29,31,32,1,1,10,4,0
12,2,1,0,0,0,0,0,1,1,0,1,0,0,0,0,0,0,0,0,0,0,0,0,0,0,40,131,142,1,1,10,4,0
12,1,1,0,0,0,0,0,1,0,1,0,0,0,0,0,0,0,0,1,0,0,0,0,0,0,18,50,53,1,1,10,4,1
12,8,1,1,0,0,0,0,0,0,1,0,0,0,0,0,0,0,0,0,0,0,0,0,0,0,117,325,513,1,1,10,5,0
12,12,1,1,0,0,0,0,0,0,1,0,0,0,0,0,0,0,0,0,0,0,0,0,0,0,122,538,718,1,1,10,4,0
12,16,1,1,0,0,0,0,1,0,1,1,0,0,0,0,0,0,0,0,0,0,0,0,0,0,82,560,749,1,1,10,4,0
12,2,1,0,0,0,0,0,1,1,0,1,0,0,0,0,0,0,0,0,0,0,0,0,0,0,2,2,750,1,1,10,4,0
12,2,1,0,0,0,0,0,1,1,0,1,0,0,0,0,0,0,0,0,0,0,0,0,0,0,42,49,52,1,1,10,4,0
12,2,1,0,0,0,0,0,1,1,0,1,0,0,0,0,0,0,0,0,0,0,0,0,0,0,3,564,756,1,1,10,4,0
12,8,1,1,0,0,0,0,0,0,1,0,0,0,0,0,0,0,0,0,0,0,0,0,0,0,31,33,34,2,2,4,5,0
12,7,1,1,0,0,0,0,0,0,0,0,0,1,0,0,0,0,0,0,0,0,0,0,0,0,73,93,101,1,1,10,4,0
12,2,1,0,0,0,0,0,1,1,0,1,0,0,0,0,0,0,0,0,0,0,0,0,0,0,6,460,741,1,1,10,4,0
12,2,1,0,0,0,0,0,1,1,0,1,0,0,0,0,0,0,0,0,0,0,0,0,0,0,39,42,152,1,1,10,4,0
12,11,1,0,0,0,0,0,0,0,1,0,0,0,0,0,0,0,0,1,0,0,0,0,0,0,200,582,786,1,1,10,4,0
12,2,1,0,0,0,0,0,1,1,0,1,0,0,0,0,0,0,0,0,0,0,0,0,0,0,100,556,743,1,1,10,4,0
12,2,1,0,0,0,0,0,1,1,0,1,0,0,0,0,0,0,0,0,0,0,0,0,0,0,29,355,811,1,1,10,4,0
12,2,1,0,0,0,0,0,1,1,0,1,0,0,0,0,0,0,0,0,0,0,0,0,0,0,78,101,111,1,1,10,4,0
12,3,1,1,0,0,0,0,0,0,1,0,0,0,0,0,0,0,0,0,0,0,0,0,0,0,153,602,819,1,1,10,4,0
12,2,1,0,0,0,0,0,1,1,0,1,0,0,0,0,0,0,0,0,0,0,0,0,0,0,206,604,821,1,1,10,4,0
12,9,1,1,1,0,0,0,1,1,1,1,0,1,0,0,0,1,1,1,1,1,0,0,0,0,102,138,149,2,2,4,4,0
12,3,1,1,0,0,0,0,0,0,1,0,0,0,0,0,0,0,0,0,0,0,0,0,0,0,4,66,71,2,2,5,4,0
12,2,1,0,0,0,0,0,1,1,0,1,0,0,0,0,0,0,0,0,0,0,0,0,0,0,81,198,226,1,1,10,4,0
12,2,1,0,0,0,0,0,1,1,0,1,0,0,0,0,0,0,0,0,0,0,0,0,0,0,92,178,782,1,1,9,4,0
12,1,1,0,0,0,0,0,1,0,1,0,0,0,0,0,0,0,0,1,0,0,0,0,0,0,31,33,34,1,1,10,5,0
12,2,1,0,0,0,0,0,1,1,0,1,0,0,0,0,0,0,0,0,0,0,0,0,0,0,31,33,34,1,1,10,4,1
12,3,1,1,0,0,0,0,0,0,1,0,0,0,0,0,0,0,0,0,0,0,0,0,0,0,50,137,861,2,2,-1,4,0
12,13,1,1,0,0,0,0,0,0,1,0,0,0,0,0,0,0,0,0,1,1,0,0,0,0,55,606,865,1,1,9,4,0
12,2,1,0,0,0,0,0,1,1,0,1,0,0,0,0,0,0,0,0,0,0,0,0,0,0,80,613,837,1,1,10,4,0
12,2,1,0,0,0,0,0,1,1,0,1,0,0,0,0,0,0,0,0,0,0,0,0,0,0,128,189,216,1,1,10,4,0
12,2,1,0,0,0,0,0,1,1,0,1,0,0,0,0,0,0,0,0,0,0,0,0,0,0,4,252,298,1,1,9,4,0
12,2,1,0,0,0,0,0,1,1,0,1,0,0,0,0,0,0,0,0,0,0,0,0,0,0,167,642,413,1,1,10,4,0
12,2,1,0,0,0,0,0,1,1,0,1,0,0,0,0,0,0,0,0,0,0,0,0,0,0,36,39,886,1,1,10,4,0
12,12,1,1,0,0,0,0,0,0,1,0,0,0,0,0,0,0,0,0,0,0,0,0,0,0,98,371,471,1,1,10,4,0
12,1,1,0,0,0,0,0,1,0,1,0,0,0,0,0,0,0,0,1,0,0,0,0,0,0,129,190,292,1,1,10,4,0
12,2,1,0,0,0,0,0,1,1,0,1,0,0,0,0,0,0,0,0,0,0,0,0,0,0,69,88,96,1,1,9,4,0
12,2,1,0,0,0,0,0,1,1,0,1,0,0,0,0,0,0,0,0,0,0,0,0,0,0,4,651,904,1,1,10,4,0
12,1,1,0,0,0,0,0,1,0,1,0,0,0,0,0,0,0,0,1,0,0,0,0,0,0,44,52,502,1,1,10,4,0
12,1,1,0,0,0,0,0,1,0,1,0,0,0,0,0,0,0,0,1,0,0,0,0,0,0,105,143,538,1,1,10,4,0
12,6,1,1,0,0,0,0,0,0,0,0,0,1,0,0,0,0,0,0,0,0,0,0,0,0,24,24,25,1,1,10,4,0
12,2,1,0,0,0,0,0,1,1,0,1,0,0,0,0,0,0,0,0,0,0,0,0,0,0,49,453,590,2,2,6,4,0
12,2,1,0,0,0,0,0,1,1,0,1,0,0,0,0,0,0,0,0,0,0,0,0,0,0,147,321,394,2,2,6,4,0
12,6,1,1,0,0,0,0,0,0,0,0,0,1,0,0,0,0,0,0,0,0,0,0,0,0,153,659,914,1,1,10,4,0
12,2,1,0,0,0,0,0,1,1,0,1,0,0,0,0,0,0,0,0,0,0,0,0,0,0,181,661,916,1,1,10,4,0
12,2,1,0,0,0,0,0,1,1,0,1,0,0,0,0,0,0,0,0,0,0,0,0,0,0,203,664,923,1,1,10,4,0
12,2,1,0,0,0,0,0,1,1,0,1,0,0,0,0,0,0,0,0,0,0,0,0,0,0,167,335,413,1,1,10,4,0
12,4,1,1,0,0,0,0,0,0,1,0,0,1,0,0,0,0,0,0,0,1,0,0,0,0,110,239,328,1,1,9,4,0
12,2,1,0,0,0,0,0,1,1,0,1,0,0,0,0,0,0,0,0,0,0,0,0,0,0,16,16,155,1,1,9,4,0
12,6,1,1,0,0,0,0,0,0,0,0,0,1,0,0,0,0,0,0,0,0,0,0,0,0,6,181,29,1,1,10,4,0
12,13,1,1,0,0,0,0,0,0,1,0,0,0,0,0,0,0,0,0,1,1,0,0,0,0,8,8,20,1,1,10,5,0
12,3,1,1,0,0,0,0,0,0,1,0,0,0,0,0,0,0,0,0,0,0,0,0,0,0,65,83,91,1,1,10,4,0
12,2,1,0,0,0,0,0,1,1,0,1,0,0,0,0,0,0,0,0,0,0,0,0,0,0,163,288,450,2,2,-1,4,0
12,1,1,0,0,0,0,0,1,0,1,0,0,0,0,0,0,0,0,1,0,0,0,0,0,0,41,230,974,1,1,10,4,0
12,2,1,0,0,0,0,0,1,1,0,1,0,0,0,0,0,0,0,0,0,0,0,0,0,0,31,33,975,1,1,10,5,0
12,2,1,0,0,0,0,0,1,1,0,1,0,0,0,0,0,0,0,0,0,0,0,0,0,0,85,278,976,1,1,10,4,0
12,18,0,1,0,0,0,0,0,1,0,0,0,0,0,0,0,0,0,0,0,0,0,0,0,0,53,63,68,1,1,10,4,0
12,1,1,0,0,0,0,0,1,0,1,0,0,0,0,0,0,0,0,1,0,0,0,0,0,0,152,241,282,1,1,10,4,0
12,5,1,0,0,0,0,0,1,0,0,0,0,0,0,0,0,0,1,0,0,0,0,0,0,0,2,2,2,1,1,10,4,0
12,3,1,1,0,0,0,0,0,0,1,0,0,0,0,0,0,0,0,0,0,0,0,0,0,0,34,705,985,1,1,10,4,0
12,3,1,1,0,0,0,0,0,0,1,0,0,0,0,0,0,0,0,0,0,0,0,0,0,0,80,104,114,1,1,10,4,0
12,3,1,1,0,0,0,0,0,0,1,0,0,0,0,0,0,0,0,0,0,0,0,0,0,0,160,277,330,2,2,6,4,0
12,1,1,0,0,0,0,0,1,0,1,0,0,0,0,0,0,0,0,1,0,0,0,0,0,0,130,191,218,1,1,10,4,0
12,15,1,1,0,0,0,0,0,0,1,0,0,1,0,0,0,0,1,0,0,0,0,0,0,0,173,331,408,1,1,9,4,1
12,2,1,0,0,0,0,0,1,1,0,1,0,0,0,0,0,0,0,0,0,0,0,0,0,0,82,560,995,1,1,10,4,0
13,3,1,1,0,0,0,0,0,0,1,0,0,0,0,0,0,0,0,0,0,0,0,0,0,0,130,191,218,2,2,6,4,0
13,6,1,1,0,0,0,0,0,0,0,0,0,1,0,0,0,0,0,0,0,0,0,0,0,0,-1,-1,-1,2,2,-1,4,0
13,1,1,0,0,0,0,0,1,0,1,0,0,0,0,0,0,0,0,1,0,0,0,0,0,0,105,143,158,1,1,10,4,1
13,13,1,1,0,0,0,0,0,0,1,0,0,0,0,0,0,0,0,0,1,1,0,0,0,0,192,500,660,1,1,10,5,0
13,2,1,0,0,0,0,0,1,1,0,1,0,0,0,0,0,0,0,0,0,0,0,0,0,0,90,270,320,1,1,9,4,0
13,1,1,0,0,0,0,0,1,0,1,0,0,0,0,0,0,0,0,1,0,0,0,0,0,0,18,432,553,1,1,10,5,0
13,3,1,1,0,0,0,0,0,0,1,0,0,0,0,0,0,0,0,0,0,0,0,0,0,0,52,648,900,2,2,5,4,0
13,2,1,0,0,0,0,0,1,1,0,1,0,0,0,0,0,0,0,0,0,0,0,0,0,0,154,253,299,1,1,10,5,0
13,2,1,0,0,0,0,0,1,1,0,1,0,0,0,0,0,0,0,0,0,0,0,0,0,0,72,708,991,1,1,10,4,0
13,3,1,1,0,0,0,0,0,0,1,0,0,0,0,0,0,0,0,0,0,0,0,0,0,0,111,155,243,1,1,10,4,0
13,2,1,0,0,0,0,0,1,1,0,1,0,0,0,0,0,0,0,0,0,0,0,0,0,0,82,554,740,1,1,10,4,0
13,7,1,1,0,0,0,0,0,0,0,0,0,1,0,0,0,0,0,0,0,0,0,0,0,0,47,56,61,1,1,10,4,0
13,1,1,0,0,0,0,0,1,0,1,0,0,0,0,0,0,0,0,1,0,0,0,0,0,0,119,209,240,1,1,9,4,0
13,2,1,0,0,0,0,0,1,1,0,1,0,0,0,0,0,0,0,0,0,0,0,0,0,0,144,219,744,1,1,10,4,0
13,16,1,1,0,0,0,0,1,0,1,1,0,0,0,0,0,0,0,0,0,0,0,0,0,0,43,51,1037,1,1,10,4,1
13,2,1,0,0,0,0,0,1,1,0,1,0,0,0,0,0,0,0,0,0,0,0,0,0,0,124,211,244,1,1,9,4,0
13,2,1,0,0,0,0,0,1,1,0,1,0,0,0,0,0,0,0,0,0,0,0,0,0,0,33,362,454,1,1,10,4,0
13,2,1,0,0,0,0,0,1,1,0,1,0,0,0,0,0,0,0,0,0,0,0,0,0,0,7,7,7,1,1,7,4,0
13,8,1,1,0,0,0,0,0,0,1,0,0,0,0,0,0,0,0,0,0,0,0,0,0,0,152,543,725,1,1,10,5,0
13,1,1,0,0,0,0,0,1,0,1,0,0,0,0,0,0,0,0,1,0,0,0,0,0,0,93,427,549,1,1,10,5,0
13,2,1,0,0,0,0,0,1,1,0,1,0,0,0,0,0,0,0,0,0,0,0,0,0,0,49,734,1038,1,1,10,4,0
13,1,1,0,0,0,0,0,1,0,1,0,0,0,0,0,0,0,0,1,0,0,0,0,0,0,47,271,321,1,1,10,4,0
13,16,1,1,0,0,0,0,1,0,1,1,0,0,0,0,0,0,0,0,0,0,0,0,0,0,-1,-1,-1,2,2,4,4,0
13,2,1,0,0,0,0,0,1,1,0,1,0,0,0,0,0,0,0,0,0,0,0,0,0,0,40,132,143,1,1,10,4,0
13,2,1,0,0,0,0,0,1,1,0,1,0,0,0,0,0,0,0,0,0,0,0,0,0,0,4,66,71,1,1,10,4,0
13,2,1,0,0,0,0,0,1,1,0,1,0,0,0,0,0,0,0,0,0,0,0,0,0,0,164,354,435,2,2,5,4,0
13,2,1,0,0,0,0,0,1,1,0,1,0,0,0,0,0,0,0,0,0,0,0,0,0,0,99,165,185,1,1,10,4,0
13,5,1,0,0,0,0,0,1,0,0,0,0,0,0,0,0,0,1,0,0,0,0,0,0,0,43,51,55,2,2,-1,4,0
13,16,1,1,0,0,0,0,1,0,1,1,0,0,0,0,0,0,0,0,0,0,0,0,0,0,6,6,585,1,1,10,4,0
13,2,1,0,0,0,0,0,1,1,0,1,0,0,0,0,0,0,0,0,0,0,0,0,0,0,110,153,172,1,1,10,4,0
13,1,1,0,0,0,0,0,1,0,1,0,0,0,0,0,0,0,0,1,0,0,0,0,0,0,29,692,968,1,1,10,5,0
13,2,1,0,0,0,0,0,1,1,0,1,0,0,0,0,0,0,0,0,0,0,0,0,0,0,118,163,1062,1,1,10,4,0
13,14,1,0,0,0,0,0,0,0,0,0,0,0,0,0,0,0,0,0,0,0,0,0,0,0,56,113,123,1,1,10,4,0
13,2,1,0,0,0,0,0,1,1,0,1,0,0,0,0,0,0,0,0,0,0,0,0,0,0,113,749,1071,1,1,9,4,0
13,7,1,1,0,0,0,0,0,0,0,0,0,1,0,0,0,0,0,0,0,0,0,0,0,0,23,46,790,2,2,-1,4,0
13,2,1,0,0,0,0,0,1,1,0,1,0,0,0,0,0,0,0,0,0,0,0,0,0,0,89,118,128,1,1,10,4,0
13,6,1,1,0,0,0,0,0,0,0,0,0,1,0,0,0,0,0,0,0,0,0,0,0,0,179,376,477,2,2,-1,4,0
13,2,1,0,0,0,0,0,1,1,0,1,0,0,0,0,0,0,0,0,0,0,0,0,0,0,67,86,94,1,1,9,5,0
13,3,1,1,0,0,0,0,0,0,1,0,0,0,0,0,0,0,0,0,0,0,0,0,0,0,107,330,407,1,1,9,4,0
13,1,1,0,0,0,0,0,1,0,1,0,0,0,0,0,0,0,0,1,0,0,0,0,0,0,11,11,11,1,1,10,4,0
13,3,1,1,0,0,0,0,0,0,1,0,0,0,0,0,0,0,0,0,0,0,0,0,0,0,13,13,13,2,2,-1,4,0
13,2,1,0,0,0,0,0,1,1,0,1,0,0,0,0,0,0,0,0,0,0,0,0,0,0,46,55,859,1,1,10,4,0
13,2,1,0,0,0,0,0,1,1,0,1,0,0,0,0,0,0,0,0,0,0,0,0,0,0,49,763,1094,1,1,10,4,0
13,2,1,0,0,0,0,0,1,1,0,1,0,0,0,0,0,0,0,0,0,0,0,0,0,0,154,253,299,1,1,10,4,0
13,3,1,1,0,0,0,0,0,0,1,0,0,0,0,0,0,0,0,0,0,0,0,0,0,0,52,62,67,2,2,-1,4,0
13,2,1,0,0,0,0,0,1,1,0,1,0,0,0,0,0,0,0,0,0,0,0,0,0,0,33,35,36,2,2,-1,4,0
13,3,1,1,0,0,0,0,0,0,1,0,0,0,0,0,0,0,0,0,0,0,0,0,0,0,120,169,469,2,2,-1,4,0
13,2,1,0,0,0,0,0,1,1,0,1,0,0,0,0,0,0,0,0,0,0,0,0,0,0,81,413,528,1,1,10,4,0
13,3,1,1,0,0,0,0,0,0,1,0,0,0,0,0,0,0,0,0,0,0,0,0,0,0,112,156,175,2,2,5,5,0
13,18,0,1,0,0,0,0,0,1,0,0,0,0,0,0,0,0,0,0,0,0,0,0,0,0,66,309,371,1,1,10,5,0
13,5,1,0,0,0,0,0,1,0,0,0,0,0,0,0,0,0,1,0,0,0,0,0,0,0,148,226,441,1,1,10,4,0
13,2,1,0,0,0,0,0,1,1,0,1,0,0,0,0,0,0,0,0,0,0,0,0,0,0,98,775,1117,1,1,9,4,0
13,1,1,0,0,0,0,0,1,0,1,0,0,0,0,0,0,0,0,1,0,0,0,0,0,0,44,52,1091,2,2,-1,4,0
13,3,1,1,0,0,0,0,0,0,1,0,0,0,0,0,0,0,0,0,0,0,0,0,0,0,107,469,617,2,2,6,4,0
13,2,1,0,0,0,0,0,1,1,0,1,0,0,0,0,0,0,0,0,0,0,0,0,0,0,52,748,1070,1,1,10,4,0
13,2,1,0,0,0,0,0,1,1,0,1,0,0,0,0,0,0,0,0,0,0,0,0,0,0,2,2,1129,1,1,10,4,1
13,2,1,0,0,0,0,0,1,1,0,1,0,0,0,0,0,0,0,0,0,0,0,0,0,0,147,783,1131,2,2,-1,4,0
13,2,1,0,0,0,0,0,1,1,0,1,0,0,0,0,0,0,0,0,0,0,0,0,0,0,100,784,1132,1,1,10,5,0
13,3,1,1,0,0,0,0,0,0,1,0,0,0,0,0,0,0,0,0,0,0,0,0,0,0,76,147,164,2,2,4,5,0
13,1,1,0,0,0,0,0,1,0,1,0,0,0,0,0,0,0,0,1,0,0,0,0,0,0,111,155,174,2,2,-1,4,0
13,3,1,1,0,0,0,0,0,0,1,0,0,0,0,0,0,0,0,0,0,0,0,0,0,0,20,20,1144,2,2,6,4,0
13,1,1,0,0,0,0,0,1,0,1,0,0,0,0,0,0,0,0,1,0,0,0,0,0,0,109,342,421,1,1,10,4,1
13,3,1,1,0,0,0,0,0,0,1,0,0,0,0,0,0,0,0,0,0,0,0,0,0,0,29,355,811,2,2,4,5,0
13,1,1,0,0,0,0,0,1,0,1,0,0,0,0,0,0,0,0,1,0,0,0,0,0,0,58,72,78,1,1,10,5,0
13,5,0,0,0,0,0,0,0,0,0,0,0,0,0,0,0,0,0,0,0,0,0,0,0,1,82,262,312,2,2,6,4,0
13,2,1,0,0,0,0,0,1,1,0,1,0,0,0,0,0,0,0,0,0,0,0,0,0,0,23,46,49,1,1,10,5,1
13,2,1,0,0,0,0,0,1,1,0,1,0,0,0,0,0,0,0,0,0,0,0,0,0,0,211,798,1158,1,1,10,4,0
13,2,1,0,0,0,0,0,1,1,0,1,0,0,0,0,0,0,0,0,0,0,0,0,0,0,89,118,128,1,1,9,4,0
13,2,1,0,0,0,0,0,1,1,0,1,0,0,0,0,0,0,0,0,0,0,0,0,0,0,-1,-1,-1,1,1,9,5,0
13,6,1,1,0,0,0,0,0,0,0,0,0,1,0,0,0,0,0,0,0,0,0,0,0,0,134,231,270,1,1,10,4,0
13,3,1,1,0,0,0,0,0,0,1,0,0,0,0,0,0,0,0,0,0,0,0,0,0,0,6,6,585,2,2,5,4,0
13,1,1,0,0,0,0,0,1,0,1,0,0,0,0,0,0,0,0,1,0,0,0,0,0,0,32,140,151,1,1,10,4,0
13,27,1,1,0,0,0,0,1,1,1,0,0,1,0,0,0,0,0,0,0,0,0,0,0,0,31,33,34,2,2,5,5,0
13,1,1,0,0,0,0,0,1,0,1,0,0,0,0,0,0,0,0,1,0,0,0,0,0,0,22,22,23,1,1,9,4,0
13,1,1,0,0,0,0,0,1,0,1,0,0,0,0,0,0,0,0,1,0,0,0,0,0,0,139,658,913,1,1,10,4,0
13,2,1,0,0,0,0,0,1,1,0,1,0,0,0,0,0,0,0,0,0,0,0,0,0,0,10,148,165,1,1,10,4,0
13,1,1,0,0,0,0,0,1,0,1,0,0,0,0,0,0,0,0,1,0,0,0,0,0,0,119,209,240,1,1,10,4,0
13,2,1,0,0,0,0,0,1,1,0,1,0,0,0,0,0,0,0,0,0,0,0,0,0,0,38,41,582,1,1,10,4,0
13,1,1,0,0,0,0,0,1,0,1,0,0,0,0,0,0,0,0,1,0,0,0,0,0,0,55,65,70,1,1,10,4,0
13,1,1,0,0,0,0,0,1,0,1,0,0,0,0,0,0,0,0,1,0,0,0,0,0,0,122,580,780,1,1,10,4,0
13,6,1,1,0,0,0,0,0,0,0,0,0,1,0,0,0,0,0,0,0,0,0,0,0,0,31,33,34,1,1,10,4,0
13,1,1,0,0,0,0,0,1,0,1,0,0,0,0,0,0,0,0,1,0,0,0,0,0,0,28,30,944,1,1,10,4,0
13,2,1,0,0,0,0,0,1,1,0,1,0,0,0,0,0,0,0,0,0,0,0,0,0,0,151,235,274,2,2,6,4,0
13,1,1,0,0,0,0,0,1,0,1,0,0,0,0,0,0,0,0,1,0,0,0,0,0,0,83,844,425,1,1,10,4,0
13,2,1,0,0,0,0,0,1,1,0,1,0,0,0,0,0,0,0,0,0,0,0,0,0,0,2,2,2,1,1,10,4,1
13,15,1,1,0,0,0,0,1,0,1,0,0,0,0,0,0,0,1,0,0,0,0,0,0,0,-1,-1,-1,1,1,10,4,0
13,2,1,0,0,0,0,0,1,1,0,1,0,0,0,0,0,0,0,0,0,0,0,0,0,0,7,7,7,1,1,9,4,0
13,2,1,0,0,0,0,0,1,1,0,1,0,0,0,0,0,0,0,0,0,0,0,0,0,0,29,355,438,1,1,9,5,0
13,1,1,0,0,0,0,0,1,0,1,0,0,0,0,0,0,0,0,1,0,0,0,0,0,0,14,440,898,1,1,10,4,0
13,7,1,1,0,0,0,0,0,0,0,0,0,1,0,0,0,0,0,0,0,0,0,0,0,0,70,248,290,1,1,10,4,0
13,2,1,0,0,0,0,0,1,1,0,1,0,0,0,0,0,0,0,0,0,0,0,0,0,0,137,857,347,1,1,10,4,0
13,1,1,0,0,0,0,0,1,0,1,0,0,0,0,0,0,0,0,1,0,0,0,0,0,0,196,530,1151,1,1,10,4,0
13,5,1,0,0,0,0,0,1,0,0,0,0,0,0,0,0,0,1,0,0,0,0,0,0,0,109,342,421,2,2,-1,4,0
13,5,1,0,0,0,0,0,1,0,0,0,0,0,0,0,0,0,1,0,0,0,0,0,0,0,36,39,42,2,2,-1,4,0
13,2,1,0,0,0,0,0,1,1,0,1,0,0,0,0,0,0,0,0,0,0,0,0,0,0,82,262,1253,1,1,10,4,0
13,2,1,0,0,0,0,0,1,1,0,1,0,0,0,0,0,0,0,0,0,0,0,0,0,0,82,262,312,1,1,10,4,1
13,1,1,0,0,0,0,0,1,0,1,0,0,0,0,0,0,0,0,1,0,0,0,0,0,0,31,33,1073,1,1,9,4,0
13,2,1,0,0,0,0,0,1,1,0,1,0,0,0,0,0,0,0,0,0,0,0,0,0,0,106,377,478,1,1,10,4,0
13,8,1,1,0,0,0,0,0,0,1,0,0,0,0,0,0,0,0,0,0,0,0,0,0,0,148,226,441,1,1,8,5,0
13,2,1,0,0,0,0,0,1,1,0,1,0,0,0,0,0,0,0,0,0,0,0,0,0,0,57,368,464,1,1,10,4,0
13,2,1,0,0,0,0,0,1,1,0,1,0,0,0,0,0,0,0,0,0,0,0,0,0,0,59,73,572,2,2,-1,4,0
13,2,1,0,0,0,0,0,1,1,0,1,0,0,0,0,0,0,0,0,0,0,0,0,0,0,21,21,22,1,1,10,4,0
13,2,1,0,0,0,0,0,1,1,0,1,0,0,0,0,0,0,0,0,0,0,0,0,0,0,18,78,85,1,1,10,4,0
9,2,1,0,0,0,0,0,1,1,0,1,0,0,0,0,0,0,0,0,0,0,0,0,0,0,37,892,1293,1,1,10,4,0
9,3,1,1,0,0,0,0,0,0,1,0,0,0,0,0,0,0,0,0,0,0,0,0,0,0,111,155,174,1,1,10,4,0
9,2,1,0,0,0,0,0,1,1,0,1,0,0,0,0,0,0,0,0,0,0,0,0,0,0,111,155,174,1,1,9,4,0
9,1,1,0,0,0,0,0,1,0,1,0,0,0,0,0,0,0,0,1,0,0,0,0,0,0,24,24,25,2,2,-1,4,0
9,1,1,0,0,0,0,0,1,0,1,0,0,0,0,0,0,0,0,1,0,0,0,0,0,0,55,365,457,1,1,10,4,0
9,2,1,0,0,0,0,0,1,1,0,1,0,0,0,0,0,0,0,0,0,0,0,0,0,0,181,896,1302,1,1,10,4,0
9,2,1,0,0,0,0,0,1,1,0,1,0,0,0,0,0,0,0,0,0,0,0,0,0,0,156,264,793,1,1,10,4,0
9,7,1,1,0,0,0,0,0,0,0,0,0,1,0,0,0,0,0,0,0,0,0,0,0,0,6,79,924,1,1,10,4,0
9,4,1,1,0,0,0,0,0,0,1,0,0,0,0,0,0,0,0,0,0,0,0,0,0,0,202,765,1097,1,1,10,4,0
9,2,1,0,0,0,0,0,1,1,0,1,0,0,0,0,0,0,0,0,0,0,0,0,0,0,122,314,383,1,1,10,4,0
9,2,1,0,0,0,0,0,1,1,0,1,0,0,0,0,0,0,0,0,0,0,0,0,0,0,148,226,265,1,1,10,4,0
9,7,1,1,0,0,0,0,0,0,0,0,0,1,0,0,0,0,0,0,0,0,0,0,0,0,169,323,396,1,1,10,4,0
9,2,1,0,0,0,0,0,1,1,0,1,0,0,0,0,0,0,0,0,0,0,0,0,0,0,21,21,202,1,1,10,4,1
9,3,1,1,0,0,0,0,0,0,1,0,0,0,0,0,0,0,0,0,0,0,0,0,0,0,46,55,59,1,1,10,4,0
9,1,1,0,0,0,0,0,1,0,1,0,0,0,0,0,0,0,0,1,0,0,0,0,0,0,70,164,184,1,1,10,4,0
9,2,1,0,0,0,0,0,1,1,0,1,0,0,0,0,0,0,0,0,0,0,0,0,0,0,1,1,1,1,1,10,4,0
9,2,1,0,0,0,0,0,1,1,0,1,0,0,0,0,0,0,0,0,0,0,0,0,0,0,8,8,20,2,2,5,4,0
9,2,1,0,0,0,0,0,1,1,0,1,0,0,0,0,0,0,0,0,0,0,0,0,0,0,196,677,949,1,1,10,5,0
9,7,1,1,0,0,0,0,0,0,0,0,0,1,0,0,0,0,0,0,0,0,0,0,0,0,-1,-1,-1,2,2,5,4,0
9,2,1,0,0,0,0,0,1,1,0,1,0,0,0,0,0,0,0,0,0,0,0,0,0,0,156,264,793,1,1,10,5,0
9,7,1,1,0,0,0,0,0,0,0,0,0,1,0,0,0,0,0,0,0,0,0,0,0,0,82,262,312,1,1,10,4,0
9,1,1,0,0,0,0,0,1,0,1,0,0,0,0,0,0,0,0,1,0,0,0,0,0,0,54,64,1328,1,1,10,4,0
9,1,1,0,0,0,0,0,1,0,1,0,0,0,0,0,0,0,0,1,0,0,0,0,0,0,8,8,20,1,1,10,4,0
9,7,1,1,0,0,0,0,0,0,0,0,0,1,0,0,0,0,0,0,0,0,0,0,0,0,4,438,562,1,1,10,4,0
9,2,1,0,0,0,0,0,1,1,0,1,0,0,0,0,0,0,0,0,0,0,0,0,0,0,27,729,1027,1,1,9,4,0
9,1,1,0,0,0,0,0,1,0,1,0,0,0,0,0,0,0,0,1,0,0,0,0,0,0,100,135,146,1,1,10,4,0
9,1,1,0,0,0,0,0,1,0,1,0,0,0,0,0,0,0,0,1,0,0,0,0,0,0,4,66,71,1,1,10,4,0
9,2,1,0,0,0,0,0,1,1,0,1,0,0,0,0,0,0,0,0,0,0,0,0,0,0,36,39,42,1,1,10,4,1
9,3,1,1,0,0,0,0,0,0,1,0,0,0,0,0,0,0,0,0,0,0,0,0,0,0,43,51,1155,1,1,10,4,0
9,1,1,0,0,0,0,0,1,0,1,0,0,0,0,0,0,0,0,1,0,0,0,0,0,0,68,649,1124,1,1,10,4,0
9,2,1,0,0,0,0,0,1,1,0,1,0,0,0,0,0,0,0,0,0,0,0,0,0,0,23,242,283,1,1,10,4,0
9,3,1,1,0,0,0,0,0,0,1,0,0,0,0,0,0,0,0,0,0,0,0,0,0,0,166,685,960,2,2,6,4,0
9,2,1,0,0,0,0,0,1,1,0,1,0,0,0,0,0,0,0,0,0,0,0,0,0,0,12,128,139,1,1,10,4,0
9,2,1,0,0,0,0,0,1,1,0,1,0,0,0,0,0,0,0,0,0,0,0,0,0,0,87,115,1072,1,1,10,4,1
9,5,0,0,0,0,0,0,0,0,0,0,0,0,0,0,0,0,0,0,0,0,0,0,0,1,107,509,670,1,1,10,4,0
9,1,1,0,0,0,0,0,1,0,1,0,0,0,0,0,0,0,0,1,0,0,0,0,0,0,44,52,1208,1,1,10,4,0
9,2,1,0,0,0,0,0,1,1,0,1,0,0,0,0,0,0,0,0,0,0,0,0,0,0,115,159,178,1,1,10,5,0
9,3,1,1,0,0,0,0,0,0,1,0,0,0,0,0,0,0,0,0,0,0,0,0,0,0,127,188,215,2,2,-1,4,0
9,13,1,1,0,0,0,0,0,0,1,0,0,0,0,0,0,0,0,0,1,1,0,0,0,0,56,550,734,1,1,10,4,0
9,3,1,1,0,0,0,0,0,0,1,0,0,0,0,0,0,0,0,0,0,0,0,0,0,0,153,602,819,1,1,10,4,0
9,1,1,0,0,0,0,0,1,0,1,0,0,0,0,0,0,0,0,1,0,0,0,0,0,0,33,470,1014,1,1,10,4,0
9,2,1,0,0,0,0,0,1,1,0,1,0,0,0,0,0,0,0,0,0,0,0,0,0,0,75,347,427,1,1,10,4,0
9,2,1,0,0,0,0,0,1,1,0,1,0,0,0,0,0,0,0,0,0,0,0,0,0,0,27,29,30,1,1,10,4,0
9,2,1,0,0,0,0,0,1,1,0,1,0,0,0,0,0,0,0,0,0,0,0,0,0,0,40,291,345,1,1,10,4,0
9,2,1,0,0,0,0,0,1,1,0,1,0,0,0,0,0,0,0,0,0,0,0,0,0,0,44,52,56,1,1,10,5,0
9,2,1,0,0,0,0,0,1,1,0,1,0,0,0,0,0,0,0,0,0,0,0,0,0,0,2,320,607,1,1,10,4,0
9,3,1,1,0,0,0,0,0,0,1,0,0,0,0,0,0,0,0,0,0,0,0,0,0,0,147,417,535,2,2,5,4,0
9,19,1,1,0,0,0,0,0,0,1,0,0,0,0,0,0,0,0,0,0,0,0,0,0,0,38,41,582,1,1,10,4,0
9,2,1,0,0,0,0,0,1,1,0,1,0,0,0,0,0,0,0,0,0,0,0,0,0,0,40,243,548,1,1,7,5,0
9,1,1,0,0,0,0,0,1,0,1,0,0,0,0,0,0,0,0,1,0,0,0,0,0,0,127,188,215,1,1,9,4,0
9,2,1,0,0,0,0,0,1,1,0,1,0,0,0,0,0,0,0,0,0,0,0,0,0,0,107,937,1371,1,1,10,4,0
9,1,1,0,0,0,0,0,1,0,1,0,0,0,0,0,0,0,0,1,0,0,0,0,0,0,193,505,664,1,1,10,5,0
9,1,1,0,0,0,0,0,1,0,1,0,0,0,0,0,0,0,0,1,0,0,0,0,0,0,144,219,254,1,1,10,4,0
9,2,1,0,0,0,0,0,1,1,0,1,0,0,0,0,0,0,0,0,0,0,0,0,0,0,50,790,919,1,1,10,4,0
9,2,1,0,0,0,0,0,1,1,0,1,0,0,0,0,0,0,0,0,0,0,0,0,0,0,166,944,1387,1,1,10,4,0
9,2,1,0,0,0,0,0,1,1,0,1,0,0,0,0,0,0,0,0,0,0,0,0,0,0,71,91,1385,1,1,10,4,0
9,2,1,0,0,0,0,0,1,1,0,1,0,0,0,0,0,0,0,0,0,0,0,0,0,0,100,596,810,1,1,10,4,0
9,2,1,0,0,0,0,0,1,1,0,1,0,0,0,0,0,0,0,0,0,0,0,0,0,0,74,268,318,1,1,10,4,1
9,2,1,0,0,0,0,0,1,1,0,1,0,0,0,0,0,0,0,0,0,0,0,0,0,0,6,402,515,1,1,10,5,0
9,1,1,0,0,0,0,0,1,0,1,0,0,0,0,0,0,0,0,1,0,0,0,0,0,0,23,242,283,1,1,10,5,0
9,3,1,1,0,0,0,0,0,0,1,0,0,0,0,0,0,0,0,0,0,0,0,0,0,0,138,205,235,1,1,10,4,0
9,2,1,0,0,0,0,0,1,1,0,1,0,0,0,0,0,0,0,0,0,0,0,0,0,0,158,951,667,1,1,10,4,0
9,2,1,0,0,0,0,0,1,1,0,1,0,0,0,0,0,0,0,0,0,0,0,0,0,0,40,725,1295,1,1,10,4,1
9,2,1,0,0,0,0,0,1,1,0,1,0,0,0,0,0,0,0,0,0,0,0,0,0,0,98,274,326,1,1,10,4,0
9,1,1,0,0,0,0,0,1,0,1,0,0,0,0,0,0,0,0,1,0,0,0,0,0,0,39,42,45,1,1,10,4,0
9,3,1,1,0,0,0,0,0,0,1,0,0,0,0,0,0,0,0,0,0,0,0,0,0,0,42,185,211,2,2,-1,4,0
9,1,1,0,0,0,0,0,1,0,1,0,0,0,0,0,0,0,0,1,0,0,0,0,0,0,3,957,1407,2,2,-1,4,0
9,3,1,1,0,0,0,0,0,0,1,0,0,0,0,0,0,0,0,0,0,0,0,0,0,0,38,41,44,2,2,6,4,0
9,2,1,0,0,0,0,0,1,1,0,1,0,0,0,0,0,0,0,0,0,0,0,0,0,0,41,761,1092,1,1,10,4,0
9,1,1,0,0,0,0,0,1,0,1,0,0,0,0,0,0,0,0,1,0,0,0,0,0,0,139,206,236,1,1,10,4,0
9,2,1,0,0,0,0,0,1,1,0,1,0,0,0,0,0,0,0,0,0,0,0,0,0,0,79,102,112,1,1,10,4,0
9,7,1,1,0,0,0,0,0,0,0,0,0,1,0,0,0,0,0,0,0,0,0,0,0,0,187,504,663,2,2,-1,4,0
9,1,1,0,0,0,0,0,1,0,1,0,0,0,0,0,0,0,0,1,0,0,0,0,0,0,4,252,1410,1,1,10,5,0
9,2,1,0,0,0,0,0,1,1,0,1,0,0,0,0,0,0,0,0,0,0,0,0,0,0,107,647,899,2,2,-1,4,0
9,2,1,0,0,0,0,0,1,1,0,1,0,0,0,0,0,0,0,0,0,0,0,0,0,0,97,127,138,1,1,10,4,1
9,1,1,0,0,0,0,0,1,0,1,0,0,0,0,0,0,0,0,1,0,0,0,0,0,0,76,250,291,1,1,10,4,0
9,3,1,1,0,0,0,0,0,0,1,0,0,0,0,0,0,0,0,0,0,0,0,0,0,0,29,355,811,2,2,4,5,0
9,15,1,1,0,0,0,0,0,0,1,0,0,1,0,0,0,0,1,0,0,0,0,0,0,0,83,171,192,1,1,10,5,0
9,1,1,0,0,0,0,0,1,0,1,0,0,0,0,0,0,0,0,1,0,0,0,0,0,0,188,473,761,1,1,10,5,0
9,2,1,0,0,0,0,0,1,1,0,1,0,0,0,0,0,0,0,0,0,0,0,0,0,0,46,55,988,1,1,10,4,0
9,2,1,0,0,0,0,0,1,1,0,1,0,0,0,0,0,0,0,0,0,0,0,0,0,0,43,51,603,1,1,10,4,0
9,2,1,0,0,0,0,0,1,1,0,1,0,0,0,0,0,0,0,0,0,0,0,0,0,0,113,749,1071,1,1,10,4,0
9,1,1,0,0,0,0,0,1,0,1,0,0,0,0,0,0,0,0,1,0,0,0,0,0,0,6,79,86,1,1,10,5,0
9,1,1,0,0,0,0,0,1,0,1,0,0,0,0,0,0,0,0,1,0,0,0,0,0,0,99,974,1427,1,1,10,4,0
9,1,1,0,0,0,0,0,1,0,1,0,0,0,0,0,0,0,0,1,0,0,0,0,0,0,-1,-1,-1,1,1,10,4,1
9,1,1,0,0,0,0,0,1,0,1,0,0,0,0,0,0,0,0,1,0,0,0,0,0,0,138,205,235,1,1,10,4,0
9,21,1,1,0,0,0,0,0,1,1,0,0,1,0,0,0,0,1,0,0,0,0,0,0,0,164,354,435,1,1,6,4,0
9,1,1,0,0,0,0,0,1,0,1,0,0,0,0,0,0,0,0,1,0,0,0,0,0,0,138,983,1442,1,1,10,4,0
9,1,1,0,0,0,0,0,1,0,1,0,0,0,0,0,0,0,0,1,0,0,0,0,0,0,106,317,388,1,1,10,4,0
9,3,1,1,0,0,0,0,0,0,1,0,0,0,0,0,0,0,0,0,0,0,0,0,0,0,141,212,256,2,2,6,4,0
9,3,1,1,0,0,0,0,0,0,1,0,0,0,0,0,0,0,0,0,0,0,0,0,0,0,31,33,34,1,1,9,4,1
9,2,1,0,0,0,0,0,1,1,0,1,0,0,0,0,0,0,0,0,0,0,0,0,0,0,133,668,935,1,1,10,4,0
9,2,1,0,0,0,0,0,1,1,0,1,0,0,0,0,0,0,0,0,0,0,0,0,0,0,36,39,159,1,1,10,4,0
9,2,1,0,0,0,0,0,1,1,0,1,0,0,0,0,0,0,0,0,0,0,0,0,0,0,124,552,738,1,1,10,4,0
9,2,1,0,0,0,0,0,1,1,0,1,0,0,0,0,0,0,0,0,0,0,0,0,0,0,168,308,854,1,1,10,4,0
9,3,1,1,0,0,0,0,0,0,1,0,0,0,0,0,0,0,0,0,0,0,0,0,0,0,129,190,217,1,1,10,4,0
9,8,1,1,0,0,0,0,0,0,1,0,0,0,0,0,0,0,0,0,0,0,0,0,0,0,35,37,60,1,1,9,5,0
9,21,1,1,0,0,0,0,0,1,1,0,0,1,0,0,0,0,1,0,0,0,0,0,0,0,7,7,7,2,2,6,4,0
9,2,1,0,0,0,0,0,1,1,0,1,0,0,0,0,0,0,0,0,0,0,0,0,0,0,196,820,1191,1,1,10,4,0
9,2,1,0,0,0,0,0,1,1,0,1,0,0,0,0,0,0,0,0,0,0,0,0,0,0,8,644,890,1,1,10,4,0
9,2,1,0,0,0,0,0,1,1,0,1,0,0,0,0,0,0,0,0,0,0,0,0,0,0,42,185,1432,1,1,10,4,1
9,2,1,0,0,0,0,0,1,1,0,1,0,0,0,0,0,0,0,0,0,0,0,0,0,0,30,32,33,1,1,10,4,0
9,6,1,1,0,0,0,0,0,0,0,0,0,1,0,0,0,0,0,0,0,0,0,0,0,0,32,829,1227,1,1,10,4,0
9,1,1,0,0,0,0,0,1,0,1,0,0,0,0,0,0,0,0,1,0,0,0,0,0,0,14,440,565,1,1,10,4,0
9,5,1,0,0,0,0,0,1,0,0,0,0,0,0,0,0,0,1,0,0,0,0,0,0,0,169,323,828,2,2,-1,4,0
9,2,1,0,0,0,0,0,1,1,0,1,0,0,0,0,0,0,0,0,0,0,0,0,0,0,65,83,436,1,1,10,4,0
9,2,1,0,0,0,0,0,1,1,0,1,0,0,0,0,0,0,0,0,0,0,0,0,0,0,153,247,288,1,1,10,4,0
9,2,1,0,0,0,0,0,1,1,0,1,0,0,0,0,0,0,0,0,0,0,0,0,0,0,155,994,1461,1,1,10,4,0
9,1,1,0,0,0,0,0,1,0,1,0,0,0,0,0,0,0,0,1,0,0,0,0,0,0,65,83,436,1,1,10,4,0
9,2,1,0,0,0,0,0,1,1,0,1,0,0,0,0,0,0,0,0,0,0,0,0,0,0,31,33,34,1,1,10,4,1
9,2,1,0,0,0,0,0,1,1,0,1,0,0,0,0,0,0,0,0,0,0,0,0,0,0,18,426,564,2,2,-1,4,0
9,2,1,0,0,0,0,0,1,1,0,1,0,0,0,0,0,0,0,0,0,0,0,0,0,0,89,118,128,2,2,-1,4,0
9,19,1,1,0,0,0,0,0,0,1,0,0,0,0,0,0,0,0,0,0,0,0,0,0,0,44,52,56,1,1,10,4,0
9,18,0,1,0,0,0,0,0,1,0,0,0,0,0,0,0,0,0,0,0,0,0,0,0,0,65,83,91,1,1,9,4,0
9,1,1,0,0,0,0,0,1,0,1,0,0,0,0,0,0,0,0,1,0,0,0,0,0,0,37,40,43,1,1,10,4,0
9,5,0,0,0,0,0,0,0,0,0,0,0,0,0,0,0,0,0,0,0,0,0,0,0,1,206,604,821,2,2,-1,4,0
9,1,1,0,0,0,0,0,1,0,1,0,0,0,0,0,0,0,0,1,0,0,0,0,0,0,61,735,1040,1,1,10,4,0
9,3,1,1,0,0,0,0,0,0,1,0,0,0,0,0,0,0,0,0,0,0,0,0,0,0,40,82,89,1,1,10,4,0
9,1,1,0,0,0,0,0,1,0,1,0,0,0,0,0,0,0,0,1,0,0,0,0,0,0,3,766,1099,1,1,10,4,0
9,8,1,1,0,0,0,0,0,0,1,0,0,0,0,0,0,0,0,0,0,0,0,0,0,0,98,281,335,2,2,4,5,0
9,6,1,1,0,0,0,0,0,0,0,0,0,1,0,0,0,0,0,0,0,0,0,0,0,0,131,208,238,1,1,10,4,0
9,2,1,0,0,0,0,0,1,1,0,1,0,0,0,0,0,0,0,0,0,0,0,0,0,0,179,1004,1480,1,1,10,4,0
9,2,1,0,0,0,0,0,1,1,0,1,0,0,0,0,0,0,0,0,0,0,0,0,0,0,4,66,71,2,2,6,4,0
9,2,1,0,0,0,0,0,1,1,0,1,0,0,0,0,0,0,0,0,0,0,0,0,0,0,98,663,922,1,1,10,4,0
9,2,1,0,0,0,0,0,1,1,0,1,0,0,0,0,0,0,0,0,0,0,0,0,0,0,8,8,8,1,1,10,4,0
9,2,1,0,0,0,0,0,1,1,0,1,0,0,0,0,0,0,0,0,0,0,0,0,0,0,1,542,724,1,1,10,4,0
9,13,1,1,0,0,0,0,0,0,1,0,0,0,0,0,0,0,0,0,1,1,0,0,0,0,98,196,257,1,1,9,5,0
9,22,1,1,0,0,0,0,0,0,0,0,0,0,0,0,0,0,0,0,1,0,0,0,0,0,55,365,457,1,1,10,4,0
9,2,1,0,0,0,0,0,1,1,0,1,0,0,0,0,0,0,0,0,0,0,0,0,0,0,182,401,512,1,1,9,4,0
9,3,1,1,0,0,0,0,0,0,1,0,0,0,0,0,0,0,0,0,0,0,0,0,0,0,36,39,1082,1,1,10,4,0
9,2,1,0,0,0,0,0,1,1,0,1,0,0,0,0,0,0,0,0,0,0,0,0,0,0,185,1009,1492,1,1,10,4,0
9,2,1,0,0,0,0,0,1,1,0,1,0,0,0,0,0,0,0,0,0,0,0,0,0,0,21,21,202,2,2,5,4,0
9,6,1,1,0,0,0,0,0,0,0,0,0,1,0,0,0,0,0,0,0,0,0,0,0,0,7,7,7,1,1,10,4,1
9,1,1,0,0,0,0,0,1,0,1,0,0,0,0,0,0,0,0,1,0,0,0,0,0,0,64,80,87,1,1,9,4,0
9,21,1,1,0,0,0,0,1,1,1,0,0,1,0,0,0,0,1,0,0,0,0,0,0,0,79,102,112,1,1,10,5,0
9,8,1,1,0,0,0,0,0,0,1,0,0,0,0,0,0,0,0,0,0,0,0,0,0,0,44,52,1205,1,1,10,5,0
9,3,1,1,0,0,0,0,0,0,1,0,0,0,0,0,0,0,0,0,0,0,0,0,0,0,32,336,415,2,2,4,4,0
9,2,1,0,0,0,0,0,1,1,0,1,0,0,0,0,0,0,0,0,0,0,0,0,0,0,33,768,1103,1,1,10,4,0
9,5,1,0,0,0,0,0,1,0,0,0,0,0,0,0,0,0,1,0,0,0,0,0,0,0,-1,-1,-1,2,2,6,4,0
9,2,1,0,0,0,0,0,1,1,0,1,0,0,0,0,0,0,0,0,0,0,0,0,0,0,142,215,384,1,1,10,4,0
9,1,1,0,0,0,0,0,1,0,1,0,0,0,0,0,0,0,0,1,0,0,0,0,0,0,33,425,546,1,1,10,4,0
9,1,1,0,0,0,0,0,1,0,1,0,0,0,0,0,0,0,0,1,0,0,0,0,0,0,18,38,325,1,1,10,5,0
9,19,1,1,0,0,0,0,0,0,1,0,0,0,0,0,0,0,0,0,0,0,0,0,0,0,29,31,32,1,1,10,4,0
9,9,1,1,1,0,0,0,1,1,1,1,0,1,0,0,0,1,1,1,1,1,0,0,0,0,-1,-1,-1,2,2,-1,4,0
9,1,1,0,0,0,0,0,1,0,1,0,0,0,0,0,0,0,0,1,0,0,0,0,0,0,22,22,23,1,1,10,4,0
9,1,1,0,0,0,0,0,1,0,1,0,0,0,0,0,0,0,0,1,0,0,0,0,0,0,40,243,654,1,1,10,4,0
9,1,1,0,0,0,0,0,1,0,1,0,0,0,0,0,0,0,0,1,0,0,0,0,0,0,22,166,1289,1,1,10,4,1
9,3,1,1,0,0,0,0,0,0,1,0,0,0,0,0,0,0,0,0,0,0,0,0,0,0,32,716,1006,2,2,5,5,0
9,5,0,0,0,0,0,0,0,0,0,0,0,0,0,0,0,0,0,0,0,0,0,0,0,1,125,287,1030,2,2,6,4,0
9,2,1,0,0,0,0,0,1,1,0,1,0,0,0,0,0,0,0,0,0,0,0,0,0,0,98,348,428,1,1,10,5,0
9,2,1,0,0,0,0,0,1,1,0,1,0,0,0,0,0,0,0,0,0,0,0,0,0,0,127,188,1481,1,1,10,4,0
9,1,1,0,0,0,0,0,1,0,1,0,0,0,0,0,0,0,0,1,0,0,0,0,0,0,114,158,234,2,2,6,4,0
9,5,1,0,0,0,0,0,1,0,0,0,0,0,0,0,0,0,1,0,0,0,0,0,0,0,33,99,463,1,1,10,4,0
9,2,1,0,0,0,0,0,1,1,0,1,0,0,0,0,0,0,0,0,0,0,0,0,0,0,168,308,370,1,1,10,4,1
9,3,1,1,0,0,0,0,0,0,1,0,0,0,0,0,0,0,0,0,0,0,0,0,0,0,6,448,583,1,1,10,4,0
10,8,1,1,0,0,0,0,0,0,1,0,0,0,0,0,0,0,0,0,0,0,0,0,0,0,18,18,18,1,1,10,5,0
10,1,1,0,0,0,0,0,1,0,1,0,0,0,0,0,0,0,0,1,0,0,0,0,0,0,100,573,769,1,1,10,4,0
10,2,1,0,0,0,0,0,1,1,0,1,0,0,0,0,0,0,0,0,0,0,0,0,0,0,125,287,340,1,1,10,4,0
10,2,1,0,0,0,0,0,1,1,0,1,0,0,0,0,0,0,0,0,0,0,0,0,0,0,35,37,60,1,1,10,4,0
10,1,1,0,0,0,0,0,1,0,1,0,0,0,0,0,0,0,0,1,0,0,0,0,0,0,52,62,829,1,1,10,4,0
10,2,1,0,0,0,0,0,1,1,0,1,0,0,0,0,0,0,0,0,0,0,0,0,0,0,36,39,42,1,1,10,4,0
10,1,1,0,0,0,0,0,1,0,1,0,0,0,0,0,0,0,0,1,0,0,0,0,0,0,37,197,225,1,1,10,4,0
10,1,1,0,0,0,0,0,1,0,1,0,0,0,0,0,0,0,0,1,0,0,0,0,0,0,151,235,274,1,1,10,4,0
10,2,1,0,0,0,0,0,1,1,0,1,0,0,0,0,0,0,0,0,0,0,0,0,0,0,174,337,416,1,1,10,4,0
10,2,1,0,0,0,0,0,1,1,0,1,0,0,0,0,0,0,0,0,0,0,0,0,0,0,103,319,391,1,1,10,4,0
10,11,1,0,0,0,0,0,0,0,1,0,0,0,0,0,0,0,0,1,0,0,0,0,0,0,163,288,450,1,1,10,4,1
10,2,1,0,0,0,0,0,1,1,0,1,0,0,0,0,0,0,0,0,0,0,0,0,0,0,152,543,725,1,1,10,4,0
10,3,1,1,0,0,0,0,0,0,1,0,0,0,0,0,0,0,0,0,0,0,0,0,0,0,36,39,42,2,2,4,5,0
10,1,1,0,0,0,0,0,1,0,1,0,0,0,0,0,0,0,0,1,0,0,0,0,0,0,75,347,427,1,1,10,4,0
10,3,1,1,0,0,0,0,0,0,1,0,0,0,0,0,0,0,0,0,0,0,0,0,0,0,78,958,1408,1,1,10,4,0
10,5,0,0,0,0,0,0,0,0,0,0,0,0,0,0,0,0,0,0,0,0,0,0,0,1,8,8,1535,1,1,10,4,0
10,2,1,0,0,0,0,0,1,1,0,1,0,0,0,0,0,0,0,0,0,0,0,0,0,0,35,37,38,1,1,10,4,0
10,1,1,0,0,0,0,0,1,0,1,0,0,0,0,0,0,0,0,1,0,0,0,0,0,0,98,1019,1505,1,1,10,4,0
10,2,1,0,0,0,0,0,1,1,0,1,0,0,0,0,0,0,0,0,0,0,0,0,0,0,82,262,312,1,1,10,4,0
10,2,1,0,0,0,0,0,1,1,0,1,0,0,0,0,0,0,0,0,0,0,0,0,0,0,32,829,1201,1,1,10,4,0
10,2,1,0,0,0,0,0,1,1,0,1,0,0,0,0,0,0,0,0,0,0,0,0,0,0,138,205,235,1,1,10,4,0
10,2,1,0,0,0,0,0,1,1,0,1,0,0,0,0,0,0,0,0,0,0,0,0,0,0,79,539,719,1,1,10,4,0
10,2,1,0,0,0,0,0,1,1,0,1,0,0,0,0,0,0,0,0,0,0,0,0,0,0,52,748,1070,1,1,10,4,0
10,6,1,1,0,0,0,0,0,0,0,0,0,1,0,0,0,0,0,0,0,0,0,0,0,0,186,422,543,1,1,10,5,0
10,1,1,0,0,0,0,0,1,0,1,0,0,0,0,0,0,0,0,1,0,0,0,0,0,0,107,561,751,2,2,-1,4,0
10,7,1,1,0,0,0,0,0,0,0,0,0,1,0,0,0,0,0,0,0,0,0,0,0,0,79,102,112,1,1,10,4,0
10,3,1,1,0,0,0,0,0,0,1,0,0,0,0,0,0,0,0,0,0,0,0,0,0,0,48,57,62,1,1,10,4,0
10,2,1,0,0,0,0,0,1,1,0,1,0,0,0,0,0,0,0,0,0,0,0,0,0,0,52,752,1078,1,1,10,4,1
10,13,1,1,0,0,0,0,0,0,1,0,0,0,0,0,0,0,0,0,1,1,0,0,0,0,21,21,202,1,1,10,4,0
10,3,1,1,0,0,0,0,0,0,1,0,0,0,0,0,0,0,0,0,0,0,0,0,0,0,38,41,90,2,2,4,5,0
10,8,1,1,0,0,0,0,0,0,1,0,0,0,0,0,0,0,0,0,0,0,0,0,0,0,90,119,129,2,2,-1,4,0
10,1,1,0,0,0,0,0,1,0,1,0,0,0,0,0,0,0,0,1,0,0,0,0,0,0,22,166,1289,2,2,5,4,0
10,2,1,0,0,0,0,0,1,1,0,1,0,0,0,0,0,0,0,0,0,0,0,0,0,0,36,39,42,1,1,9,4,0
10,1,1,0,0,0,0,0,1,0,1,0,0,0,0,0,0,0,0,1,0,0,0,0,0,0,34,45,48,1,1,10,4,0
10,1,1,0,0,0,0,0,1,0,1,0,0,0,0,0,0,0,0,1,0,0,0,0,0,0,211,1034,1524,1,1,10,4,0
10,1,1,0,0,0,0,0,1,0,1,0,0,0,0,0,0,0,0,1,0,0,0,0,0,0,40,43,46,1,1,10,4,0
10,5,1,1,0,0,0,0,1,0,0,0,0,0,0,0,0,0,1,0,0,0,0,0,0,0,90,430,518,2,2,-1,4,0
10,5,1,0,0,0,0,0,1,0,0,0,0,0,0,0,0,0,1,0,0,0,0,0,0,0,112,213,246,1,1,10,5,1
10,1,1,0,0,0,0,0,1,0,1,0,0,0,0,0,0,0,0,1,0,0,0,0,0,0,65,83,91,1,1,10,4,0
10,2,1,0,0,0,0,0,1,1,0,1,0,0,0,0,0,0,0,0,0,0,0,0,0,0,109,378,479,1,1,10,4,0
10,5,1,0,0,0,0,0,1,0,0,0,0,0,0,0,0,0,1,0,0,0,0,0,0,0,170,57,747,1,1,10,5,0
10,2,1,0,0,0,0,0,1,1,0,1,0,0,0,0,0,0,0,0,0,0,0,0,0,0,40,243,799,1,1,10,4,0
10,1,1,0,0,0,0,0,1,0,1,0,0,0,0,0,0,0,0,1,0,0,0,0,0,0,29,355,811,1,1,10,4,0
10,1,1,0,0,0,0,0,1,0,1,0,0,0,0,0,0,0,0,1,0,0,0,0,0,0,44,52,56,1,1,10,4,0
10,1,1,0,0,0,0,0,1,0,1,0,0,0,0,0,0,0,0,1,0,0,0,0,0,0,124,552,738,1,1,10,4,0
10,1,1,0,0,0,0,0,1,0,1,0,0,0,0,0,0,0,0,1,0,0,0,0,0,0,46,55,59,1,1,10,4,0
10,1,1,0,0,0,0,0,1,0,1,0,0,0,0,0,0,0,0,1,0,0,0,0,0,0,90,693,518,1,1,10,4,0
10,2,1,0,0,0,0,0,1,1,0,1,0,0,0,0,0,0,0,0,0,0,0,0,0,0,118,163,183,1,1,10,4,0
10,2,1,0,0,0,0,0,1,1,0,1,0,0,0,0,0,0,0,0,0,0,0,0,0,0,169,344,423,1,1,9,4,0
10,8,1,1,0,0,0,0,0,0,1,0,0,0,0,0,0,0,0,0,0,0,0,0,0,0,171,636,877,1,1,10,5,0
10,3,1,1,0,0,0,0,0,0,1,0,0,0,0,0,0,0,0,0,0,0,0,0,0,0,26,27,475,2,2,6,4,0
10,6,1,1,0,0,0,0,0,0,0,0,0,1,0,0,0,0,0,0,0,0,0,0,0,0,68,87,95,1,1,10,5,0
10,9,1,1,1,0,0,0,1,1,1,1,0,1,0,0,0,1,1,1,1,1,0,0,0,0,52,62,67,2,2,6,4,0
10,2,1,0,0,0,0,0,1,1,0,1,0,0,0,0,0,0,0,0,0,0,0,0,0,0,41,1026,1516,1,1,10,4,0
10,3,1,1,0,0,0,0,0,0,1,0,0,0,0,0,0,0,0,0,0,0,0,0,0,0,68,146,163,1,1,10,4,0
10,8,1,1,0,0,0,0,0,0,1,0,0,0,0,0,0,0,0,0,0,0,0,0,0,0,14,519,1564,2,2,-1,4,0
10,2,1,0,0,0,0,0,1,1,0,1,0,0,0,0,0,0,0,0,0,0,0,0,0,0,96,126,137,1,1,9,4,0
10,2,1,0,0,0,0,0,1,1,0,1,0,0,0,0,0,0,0,0,0,0,0,0,0,0,155,255,304,1,1,10,4,0
10,1,1,0,0,0,0,0,1,0,1,0,0,0,0,0,0,0,0,1,0,0,0,0,0,0,34,36,332,1,1,10,4,0
10,2,1,0,0,0,0,0,1,1,0,1,0,0,0,0,0,0,0,0,0,0,0,0,0,0,79,842,1220,1,1,10,4,0
10,9,1,1,1,0,0,0,1,1,1,1,0,1,0,0,0,1,1,1,1,1,0,0,0,0,36,39,42,2,2,5,4,0
10,1,1,0,0,0,0,0,1,0,1,0,0,0,0,0,0,0,0,1,0,0,0,0,0,0,112,213,246,1,1,10,4,0
10,1,1,0,0,0,0,0,1,0,1,0,0,0,0,0,0,0,0,1,0,0,0,0,0,0,7,7,7,1,1,10,4,1
10,3,1,1,0,0,0,0,0,0,1,0,0,0,0,0,0,0,0,0,0,0,0,0,0,0,6,214,897,2,2,-1,4,0
10,2,1,0,0,0,0,0,1,1,0,1,0,0,0,0,0,0,0,0,0,0,0,0,0,0,81,105,774,1,1,10,4,0
10,41,1,1,0,0,0,0,0,0,0,0,0,0,0,0,0,0,1,0,0,0,0,0,0,0,32,193,221,1,1,9,4,0
10,22,1,1,0,0,0,0,0,0,0,0,0,0,0,0,0,0,0,0,1,0,0,0,0,0,133,199,232,1,1,10,4,0
10,21,1,1,0,0,0,0,0,0,0,0,0,1,0,0,0,0,1,0,0,0,0,0,0,0,138,205,235,1,1,10,4,0
10,3,1,1,0,0,0,0,0,0,1,0,0,0,0,0,0,0,0,0,0,0,0,0,0,0,152,751,1077,1,1,9,4,0
10,2,1,0,0,0,0,0,1,1,0,1,0,0,0,0,0,0,0,0,0,0,0,0,0,0,32,1074,1516,1,1,9,4,0
10,2,1,0,0,0,0,0,1,1,0,1,0,0,0,0,0,0,0,0,0,0,0,0,0,0,88,383,486,1,1,10,4,0
10,2,1,0,0,0,0,0,1,1,0,1,0,0,0,0,0,0,0,0,0,0,0,0,0,0,192,592,802,1,1,10,4,0
10,2,1,0,0,0,0,0,1,1,0,1,0,0,0,0,0,0,0,0,0,0,0,0,0,0,32,1075,1578,1,1,10,4,0
10,1,1,0,0,0,0,0,1,0,1,0,0,0,0,0,0,0,0,1,0,0,0,0,0,0,41,90,98,1,1,10,4,1
10,1,1,0,0,0,0,0,1,0,1,0,0,0,0,0,0,0,0,1,0,0,0,0,0,0,147,1076,1580,1,1,10,4,0
10,2,1,0,0,0,0,0,1,1,0,1,0,0,0,0,0,0,0,0,0,0,0,0,0,0,39,42,632,1,1,8,4,0
10,2,1,0,0,0,0,0,1,1,0,1,0,0,0,0,0,0,0,0,0,0,0,0,0,0,2,2,531,1,1,10,4,0
10,2,1,0,0,0,0,0,1,1,0,1,0,0,0,0,0,0,0,0,0,0,0,0,0,0,29,954,714,1,1,10,4,0
10,3,1,1,0,0,0,0,0,0,1,0,0,0,0,0,0,0,0,0,0,0,0,0,0,0,37,40,43,2,2,5,5,0
10,2,1,0,0,0,0,0,1,1,0,1,0,0,0,0,0,0,0,0,0,0,0,0,0,0,6,79,1376,1,1,9,4,0
10,1,1,0,0,0,0,0,1,0,1,0,0,0,0,0,0,0,0,1,0,0,0,0,0,0,48,57,62,1,1,10,4,0
10,13,1,1,0,0,0,0,0,0,1,0,0,0,0,0,0,0,0,0,1,1,0,0,0,0,131,575,425,1,1,10,4,0
10,19,1,1,0,0,0,0,0,0,1,0,0,0,0,0,0,0,0,0,0,0,0,0,0,0,31,33,34,1,1,10,4,0
10,2,1,0,0,0,0,0,1,1,0,1,0,0,0,0,0,0,0,0,0,0,0,0,0,0,152,241,282,2,2,6,4,1
10,2,1,0,0,0,0,0,1,1,0,1,0,0,0,0,0,0,0,0,0,0,0,0,0,0,5,428,1601,1,1,10,4,0
10,9,1,1,1,0,0,0,1,1,1,1,0,1,0,0,0,1,1,1,1,1,0,0,0,0,31,33,34,1,1,10,4,0
10,1,1,0,0,0,0,0,1,0,1,0,0,0,0,0,0,0,0,1,0,0,0,0,0,0,98,451,588,1,1,10,5,0
10,2,1,0,0,0,0,0,1,1,0,1,0,0,0,0,0,0,0,0,0,0,0,0,0,0,128,189,1333,2,2,6,4,0
10,14,1,0,0,0,0,0,0,0,0,0,0,0,0,0,0,0,0,0,0,0,0,0,0,0,6,460,741,2,2,6,5,0
10,5,0,0,0,0,0,0,0,0,0,0,0,0,0,0,0,0,0,0,0,0,0,0,0,1,191,1088,1597,1,1,10,4,0
10,2,1,0,0,0,0,0,1,1,0,1,0,0,0,0,0,0,0,0,0,0,0,0,0,0,52,531,706,1,1,10,4,0
10,9,1,1,1,0,0,0,1,1,1,1,0,1,0,0,0,1,1,1,1,1,0,0,0,0,37,40,43,2,2,6,4,0
10,21,1,1,0,0,1,0,1,1,0,0,0,1,0,0,0,0,1,0,0,0,0,0,0,0,74,210,242,1,1,8,4,0
10,2,1,0,0,0,0,0,1,1,0,1,0,0,0,0,0,0,0,0,0,0,0,0,0,0,49,59,64,1,1,10,4,0
10,5,1,0,0,0,0,0,1,0,0,0,0,0,0,0,0,0,1,0,0,0,0,0,0,0,89,118,128,1,1,10,5,0
10,2,1,0,0,0,0,0,1,1,0,1,0,0,0,0,0,0,0,0,0,0,0,0,0,0,4,670,938,1,1,10,4,0
10,2,1,0,0,0,0,0,1,1,0,1,0,0,0,0,0,0,0,0,0,0,0,0,0,0,85,267,317,1,1,10,4,0
10,2,1,0,0,0,0,0,1,1,0,1,0,0,0,0,0,0,0,0,0,0,0,0,0,0,198,576,1074,1,1,10,5,0
10,18,0,1,0,0,0,0,0,1,0,0,0,0,0,0,0,0,0,0,0,0,0,0,0,0,94,124,135,1,1,10,4,0
10,2,1,0,0,0,0,0,1,1,0,1,0,0,0,0,0,0,0,0,0,0,0,0,0,0,80,753,1079,1,1,10,4,0
10,2,1,0,0,0,0,0,1,1,0,1,0,0,0,0,0,0,0,0,0,0,0,0,0,0,98,597,812,1,1,10,4,0
10,1,1,0,0,0,0,0,1,0,1,0,0,0,0,0,0,0,0,1,0,0,0,0,0,0,3,528,700,1,1,10,5,0
10,20,1,1,0,0,0,0,0,0,1,0,0,1,0,0,0,0,0,0,0,0,0,0,0,0,92,178,199,1,1,10,5,0
10,1,1,0,0,0,0,0,1,0,1,0,0,0,0,0,0,0,0,1,0,0,0,0,0,0,107,330,1240,1,1,10,4,0
10,5,1,0,0,0,0,0,1,0,0,0,0,0,0,0,0,0,1,0,0,0,0,0,0,0,6,324,400,1,1,10,4,0
10,8,1,1,0,0,0,0,0,0,1,0,0,0,0,0,0,0,0,0,0,0,0,0,0,0,135,201,241,1,1,10,5,1
10,8,1,1,0,0,0,0,0,0,1,0,0,0,0,0,0,0,0,0,0,0,0,0,0,0,48,57,62,2,2,4,4,0
10,1,1,0,0,0,0,0,1,0,1,0,0,0,0,0,0,0,0,1,0,0,0,0,0,0,99,233,1050,1,1,10,4,0
10,1,1,0,0,0,0,0,1,0,1,0,0,0,0,0,0,0,0,1,0,0,0,0,0,0,39,42,45,1,1,8,5,0
10,2,1,0,0,0,0,0,1,1,0,1,0,0,0,0,0,0,0,0,0,0,0,0,0,0,117,771,1106,1,1,10,4,0
10,2,1,0,0,0,0,0,1,1,0,1,0,0,0,0,0,0,0,0,0,0,0,0,0,0,6,79,86,1,1,10,4,0
10,6,1,1,0,0,0,0,0,0,0,0,0,1,0,0,0,0,0,0,0,0,0,0,0,0,7,7,652,1,1,10,4,0
10,15,1,1,0,0,0,0,1,0,1,0,0,0,0,0,0,0,1,0,0,0,0,0,0,0,7,7,7,2,2,5,4,0
10,1,1,0,0,0,0,0,1,0,1,0,0,0,0,0,0,0,0,1,0,0,0,0,0,0,4,66,71,1,1,10,4,0
10,14,1,0,0,0,0,0,0,0,0,0,0,0,0,0,0,0,0,0,0,0,0,0,0,0,131,208,238,2,2,5,4,0
10,21,1,1,0,0,0,0,0,1,1,0,0,1,0,0,0,0,1,0,0,0,0,0,0,0,8,8,20,1,1,10,4,0
10,3,1,1,0,0,0,0,0,0,1,0,0,0,0,0,0,0,0,0,0,0,0,0,0,0,103,570,766,2,2,5,5,0
10,2,1,0,0,0,0,0,1,1,0,1,0,0,0,0,0,0,0,0,0,0,0,0,0,0,40,291,345,1,1,10,4,0
10,1,1,0,0,0,0,0,1,0,1,0,0,0,0,0,0,0,0,1,0,0,0,0,0,0,96,577,1362,1,1,10,4,1
10,1,1,0,0,0,0,0,1,0,1,0,0,0,0,0,0,0,0,1,0,0,0,0,0,0,41,230,269,1,1,10,4,0
10,2,1,0,0,0,0,0,1,1,0,1,0,0,0,0,0,0,0,0,0,0,0,0,0,0,117,979,1436,1,1,10,4,0
10,1,1,0,0,0,0,0,1,0,1,0,0,0,0,0,0,0,0,1,0,0,0,0,0,0,100,390,496,1,1,10,4,0
10,2,1,0,0,0,0,0,1,1,0,1,0,0,0,0,0,0,0,0,0,0,0,0,0,0,21,21,202,1,1,9,5,0
10,1,1,0,0,0,0,0,1,0,1,0,0,0,0,0,0,0,0,1,0,0,0,0,0,0,32,687,962,1,1,10,4,0
10,8,1,1,0,0,0,0,0,0,1,0,0,0,0,0,0,0,0,0,0,0,0,0,0,0,6,324,400,1,1,9,5,0
10,2,1,0,0,0,0,0,1,1,0,1,0,0,0,0,0,0,0,0,0,0,0,0,0,0,7,7,7,2,2,-1,4,0
10,1,1,0,0,0,0,0,1,0,1,0,0,0,0,0,0,0,0,1,0,0,0,0,0,0,73,93,101,2,2,6,4,0
10,9,1,1,1,0,0,0,1,1,1,1,0,1,0,0,0,1,1,1,1,1,0,0,0,0,117,657,912,1,1,10,5,0
10,13,1,1,0,0,0,0,0,0,1,0,0,0,0,0,0,0,0,0,1,1,0,0,0,0,187,462,605,1,1,10,4,0
10,2,1,0,0,0,0,0,1,1,0,1,0,0,0,0,0,0,0,0,0,0,0,0,0,0,76,1132,378,1,1,10,4,0
10,3,1,1,0,0,0,0,0,0,1,0,0,0,0,0,0,0,0,0,0,0,0,0,0,0,61,182,206,2,2,5,4,0
10,19,1,1,0,0,0,0,0,0,1,0,0,0,0,0,0,0,0,0,0,0,0,0,0,0,-1,-1,-1,1,1,10,4,0
10,2,1,0,0,0,0,0,1,1,0,1,0,0,0,0,0,0,0,0,0,0,0,0,0,0,98,1019,1505,1,1,8,4,0
10,8,1,1,0,0,0,0,0,0,1,0,0,0,0,0,0,0,0,0,0,0,0,0,0,0,34,1133,662,1,1,10,5,0
10,4,1,1,0,0,0,0,0,0,1,0,0,0,0,0,0,0,0,0,0,0,0,0,0,0,87,115,1306,1,1,10,5,0
10,9,1,1,1,0,0,0,1,1,1,1,0,1,0,0,0,1,1,1,1,1,0,0,0,0,57,114,124,1,1,10,4,0
10,8,1,1,0,0,0,0,0,0,1,0,0,0,0,0,0,0,0,0,0,0,0,0,0,0,127,188,1657,2,2,-1,4,1
11,6,1,1,0,0,0,0,0,0,0,0,0,1,0,0,0,0,0,0,0,0,0,0,0,0,65,83,401,1,1,10,4,0
11,2,1,0,0,0,0,0,1,1,0,1,0,0,0,0,0,0,0,0,0,0,0,0,0,0,65,83,91,1,1,9,5,0
11,8,1,1,0,0,0,0,0,0,1,0,0,0,0,0,0,0,0,0,0,0,0,0,0,0,84,109,119,2,2,4,5,0
11,5,1,0,0,0,0,0,1,0,0,0,0,0,0,0,0,0,1,0,0,0,0,0,0,0,41,411,526,2,2,-1,4,0
11,2,1,0,0,0,0,0,1,1,0,1,0,0,0,0,0,0,0,0,0,0,0,0,0,0,127,188,215,1,1,10,4,0
11,3,1,1,0,0,0,0,0,0,1,0,0,0,0,0,0,0,0,0,0,0,0,0,0,0,188,473,1324,2,2,-1,4,0
11,3,1,1,0,0,0,0,0,0,1,0,0,0,0,0,0,0,0,0,0,0,0,0,0,0,18,315,385,1,1,10,4,0
11,9,1,1,1,0,0,0,1,1,1,1,0,1,0,0,0,1,1,1,1,1,0,0,0,0,-1,-1,-1,2,2,-1,4,0
11,1,1,0,0,0,0,0,1,0,1,0,0,0,0,0,0,0,0,1,0,0,0,0,0,0,98,266,316,1,1,10,4,0
11,2,1,0,0,0,0,0,1,1,0,1,0,0,0,0,0,0,0,0,0,0,0,0,0,0,31,33,375,1,1,10,4,0
11,3,1,1,0,0,0,0,0,0,1,0,0,0,0,0,0,0,0,0,0,0,0,0,0,0,52,531,1061,1,1,10,4,0
11,2,1,0,0,0,0,0,1,1,0,1,0,0,0,0,0,0,0,0,0,0,0,0,0,0,18,1142,997,1,1,10,4,0
11,3,1,1,0,0,0,0,0,0,1,0,0,0,0,0,0,0,0,0,0,0,0,0,0,0,46,55,59,1,1,10,4,0
11,8,1,1,0,0,0,0,0,0,1,0,0,0,0,0,0,0,0,0,0,0,0,0,0,0,65,83,91,2,2,5,5,0
11,1,1,0,0,0,0,0,1,0,1,0,0,0,0,0,0,0,0,1,0,0,0,0,0,0,136,202,230,1,1,10,4,0
11,1,1,0,0,0,0,0,1,0,1,0,0,0,0,0,0,0,0,1,0,0,0,0,0,0,41,411,1669,1,1,10,4,0
11,2,1,0,0,0,0,0,1,1,0,1,0,0,0,0,0,0,0,0,0,0,0,0,0,0,116,521,691,1,1,10,4,0
11,1,1,0,0,0,0,0,1,0,1,0,0,0,0,0,0,0,0,1,0,0,0,0,0,0,65,83,1447,1,1,10,4,1
11,1,1,0,0,0,0,0,1,0,1,0,0,0,0,0,0,0,0,1,0,0,0,0,0,0,173,331,408,1,1,10,4,1
11,2,1,0,0,0,0,0,1,1,0,1,0,0,0,0,0,0,0,0,0,0,0,0,0,0,72,183,207,1,1,10,5,0
11,2,1,0,0,0,0,0,1,1,0,1,0,0,0,0,0,0,0,0,0,0,0,0,0,0,29,355,811,1,1,10,4,1
11,2,1,0,0,0,0,0,1,1,0,1,0,0,0,0,0,0,0,0,0,0,0,0,0,0,51,724,1018,1,1,10,4,0
11,2,1,0,0,0,0,0,1,1,0,1,0,0,0,0,0,0,0,0,0,0,0,0,0,0,23,389,494,1,1,10,4,0
11,2,1,0,0,0,0,0,1,1,0,1,0,0,0,0,0,0,0,0,0,0,0,0,0,0,115,159,178,1,1,10,4,0
11,7,1,1,0,0,0,0,0,0,0,0,0,1,0,0,0,0,0,0,0,0,0,0,0,0,40,243,548,1,1,10,4,0
11,2,1,0,0,0,0,0,1,1,0,1,0,0,0,0,0,0,0,0,0,0,0,0,0,0,120,169,469,1,1,10,4,0
11,2,1,0,0,0,0,0,1,1,0,1,0,0,0,0,0,0,0,0,0,0,0,0,0,0,89,118,128,1,1,10,4,1
11,2,1,0,0,0,0,0,1,1,0,1,0,0,0,0,0,0,0,0,0,0,0,0,0,0,52,648,900,1,1,10,4,0
11,2,1,0,0,0,0,0,1,1,0,1,0,0,0,0,0,0,0,0,0,0,0,0,0,0,6,214,897,2,2,6,4,0
11,1,1,0,0,0,0,0,1,0,1,0,0,0,0,0,0,0,0,1,0,0,0,0,0,0,13,13,13,1,1,10,4,0
11,3,1,1,0,0,0,0,0,0,1,0,0,0,0,0,0,0,0,0,0,0,0,0,0,0,90,119,129,1,1,10,4,0
11,18,0,1,0,0,0,0,0,1,0,0,0,0,0,0,0,0,0,0,0,0,0,0,0,0,141,1127,1652,2,2,6,4,0
11,1,1,0,0,0,0,0,1,0,1,0,0,0,0,0,0,0,0,1,0,0,0,0,0,0,57,240,281,1,1,10,4,0
11,3,1,1,0,0,0,0,0,0,1,0,0,0,0,0,0,0,0,0,0,0,0,0,0,0,6,946,1388,1,1,10,4,0
11,13,1,1,0,0,0,0,0,0,1,0,0,0,0,0,0,0,0,0,1,1,0,0,0,0,46,55,59,1,1,10,5,0
11,1,1,0,0,0,0,0,1,0,1,0,0,0,0,0,0,0,0,1,0,0,0,0,0,0,210,741,1052,1,1,10,4,0
11,2,1,0,0,0,0,0,1,1,0,1,0,0,0,0,0,0,0,0,0,0,0,0,0,0,167,298,356,1,1,10,4,1
11,2,1,0,0,0,0,0,1,1,0,1,0,0,0,0,0,0,0,0,0,0,0,0,0,0,38,41,582,2,2,6,4,0
11,1,1,0,0,0,0,0,1,0,1,0,0,0,0,0,0,0,0,1,0,0,0,0,0,0,119,167,187,1,1,10,4,0
11,1,1,0,0,0,0,0,1,0,1,0,0,0,0,0,0,0,0,1,0,0,0,0,0,0,91,120,130,1,1,10,4,0
11,2,1,0,0,0,0,0,1,1,0,1,0,0,0,0,0,0,0,0,0,0,0,0,0,0,-1,-1,-1,1,1,10,5,0
11,5,1,0,0,0,0,0,1,0,0,0,0,0,0,0,0,0,1,0,0,0,0,0,0,0,165,293,349,1,1,10,4,0
11,7,1,1,0,0,0,0,0,0,0,0,0,1,0,0,0,0,0,0,0,0,0,0,0,0,144,219,254,1,1,10,4,0
11,2,1,0,0,0,0,0,1,1,0,1,0,0,0,0,0,0,0,0,0,0,0,0,0,0,124,552,738,1,1,10,4,0
11,13,1,1,0,0,0,0,0,0,1,0,0,0,0,0,0,0,0,0,1,1,0,0,0,0,69,541,723,1,1,8,5,0
11,2,1,0,0,0,0,0,1,1,0,1,0,0,0,0,0,0,0,0,0,0,0,0,0,0,-1,-1,-1,1,1,10,4,1
11,1,1,0,0,0,0,0,1,0,1,0,0,0,0,0,0,0,0,1,0,0,0,0,0,0,7,7,7,1,1,10,5,0
11,1,1,0,0,0,0,0,1,0,1,0,0,0,0,0,0,0,0,1,0,0,0,0,0,0,-1,-1,-1,1,1,10,5,0
11,2,1,0,0,0,0,0,1,1,0,1,0,0,0,0,0,0,0,0,0,0,0,0,0,0,14,440,565,1,1,10,4,0
11,1,1,0,0,0,0,0,1,0,1,0,0,0,0,0,0,0,0,1,0,0,0,0,0,0,98,371,471,1,1,10,5,0
11,2,1,0,0,0,0,0,1,1,0,1,0,0,0,0,0,0,0,0,0,0,0,0,0,0,154,253,409,1,1,10,4,0
11,3,1,1,0,0,0,0,0,0,1,0,0,0,0,0,0,0,0,0,0,0,0,0,0,0,98,318,255,2,2,4,4,0
11,13,1,1,0,0,0,0,0,0,1,0,0,0,0,0,0,0,0,0,1,1,0,0,0,0,13,13,13,1,1,10,4,0
11,3,1,1,0,0,0,0,0,0,1,0,0,0,0,0,0,0,0,0,0,0,0,0,0,0,172,329,406,1,1,10,4,0
11,1,1,0,0,0,0,0,1,0,1,0,0,0,0,0,0,0,0,1,0,0,0,0,0,0,58,72,689,1,1,10,4,0
11,3,1,1,0,0,0,0,0,0,1,0,0,0,0,0,0,0,0,0,0,0,0,0,0,0,44,52,167,1,1,10,4,0
11,3,1,1,0,0,0,0,0,0,1,0,0,0,0,0,0,0,0,0,0,0,0,0,0,0,32,140,151,2,2,4,4,1
11,1,1,0,0,0,0,0,1,0,1,0,0,0,0,0,0,0,0,1,0,0,0,0,0,0,122,314,383,1,1,10,4,0
11,44,1,1,0,0,0,0,0,0,1,0,0,1,0,0,0,0,0,0,0,1,0,0,0,0,2,2,2,2,2,5,4,0
11,2,1,0,0,0,0,0,1,1,0,1,0,0,0,0,0,0,0,0,0,0,0,0,0,0,26,27,475,1,1,10,4,0
11,2,1,0,0,0,0,0,1,1,0,1,0,0,0,0,0,0,0,0,0,0,0,0,0,0,43,51,55,1,1,10,4,1
11,21,1,1,0,0,0,0,0,1,1,0,0,1,0,0,0,0,1,0,0,0,0,0,0,0,14,14,14,1,1,10,4,0
11,1,1,0,0,0,0,0,1,0,1,0,0,0,0,0,0,0,0,1,0,0,0,0,0,0,46,55,684,1,1,10,4,0
11,2,1,0,0,0,0,0,1,1,0,1,0,0,0,0,0,0,0,0,0,0,0,0,0,0,74,94,102,1,1,10,4,0
11,5,1,0,0,0,0,0,1,0,0,0,0,0,0,0,0,0,1,0,0,0,0,0,0,0,187,504,663,2,2,6,4,0
11,2,1,0,0,0,0,0,1,1,0,1,0,0,0,0,0,0,0,0,0,0,0,0,0,0,40,243,548,1,1,10,5,0
11,18,0,1,0,0,0,0,0,1,0,0,0,0,0,0,0,0,0,0,0,0,0,0,0,0,207,831,1204,1,1,10,4,0
11,16,1,1,0,0,0,0,1,0,1,1,0,0,0,0,0,0,0,0,0,0,0,0,0,0,65,83,91,2,2,5,5,0
11,16,1,1,0,0,0,0,1,0,1,1,0,0,0,0,0,0,0,0,0,0,0,0,0,0,-1,-1,-1,1,1,6,4,0
11,6,1,1,0,0,0,0,0,0,0,0,0,1,0,0,0,0,0,0,0,0,0,0,0,0,26,27,1069,1,1,10,4,0
11,2,1,0,0,0,0,0,1,1,0,1,0,0,0,0,0,0,0,0,0,0,0,0,0,0,17,17,1500,1,1,10,4,0
11,2,1,0,0,0,0,0,1,1,0,1,0,0,0,0,0,0,0,0,0,0,0,0,0,0,6,79,86,1,1,10,4,0
11,12,1,1,0,0,0,0,0,0,1,0,0,0,0,0,0,0,0,0,0,0,0,0,0,0,79,102,112,2,2,-1,4,0
11,5,0,0,0,0,0,0,0,0,0,0,0,0,0,0,0,0,0,0,0,0,0,0,0,1,91,120,130,2,2,6,4,0
11,1,1,0,0,0,0,0,1,0,1,0,0,0,0,0,0,0,0,1,0,0,0,0,0,0,40,131,142,1,1,10,4,1
11,3,1,1,0,0,0,0,0,0,1,0,0,0,0,0,0,0,0,0,0,0,0,0,0,0,13,13,1666,1,1,9,4,0
11,1,1,0,0,0,0,0,1,0,1,0,0,0,0,0,0,0,0,1,0,0,0,0,0,0,112,156,175,1,1,10,4,0
11,1,1,0,0,0,0,0,1,0,1,0,0,0,0,0,0,0,0,1,0,0,0,0,0,0,58,72,78,2,2,5,4,0
11,5,1,0,0,0,0,0,1,0,0,0,0,0,0,0,0,0,1,0,0,0,0,0,0,0,49,59,64,2,2,6,4,0
11,2,1,0,0,0,0,0,1,1,0,1,0,0,0,0,0,0,0,0,0,0,0,0,0,0,42,185,1432,1,1,10,4,0
11,2,1,0,0,0,0,0,1,1,0,1,0,0,0,0,0,0,0,0,0,0,0,0,0,0,147,783,1131,1,1,10,4,0
11,10,1,1,0,0,0,0,0,0,1,0,0,0,0,0,0,0,0,0,0,0,0,0,0,0,31,33,34,1,1,10,4,1
11,12,1,1,0,0,0,0,0,0,1,0,0,0,0,0,0,0,0,0,0,0,0,0,0,0,106,557,745,1,1,10,4,0
11,3,1,1,0,0,0,0,0,0,1,0,0,0,0,0,0,0,0,0,0,0,0,0,0,0,37,40,43,1,1,10,4,0
11,2,1,0,0,0,0,0,1,1,0,1,0,0,0,0,0,0,0,0,0,0,0,0,0,0,18,432,553,1,1,10,4,0
11,6,1,1,0,0,0,0,0,0,0,0,0,1,0,0,0,0,0,0,0,0,0,0,0,0,7,7,7,2,2,4,4,0
11,6,1,1,0,0,0,0,0,0,0,0,0,1,0,0,0,0,0,0,0,0,0,0,0,0,66,96,106,1,1,10,4,0
11,1,1,0,0,0,0,0,1,0,1,0,0,0,0,0,0,0,0,1,0,0,0,0,0,0,34,1190,1168,1,1,10,4,0
11,3,1,1,0,0,0,0,0,0,1,0,0,0,0,0,0,0,0,0,0,0,0,0,0,0,8,8,1112,2,2,5,4,0
11,2,1,0,0,0,0,0,1,1,0,1,0,0,0,0,0,0,0,0,0,0,0,0,0,0,32,468,613,1,1,10,5,0
11,2,1,0,0,0,0,0,1,1,0,1,0,0,0,0,0,0,0,0,0,0,0,0,0,0,17,17,1398,1,1,10,4,0
11,15,1,1,0,0,0,0,1,0,1,0,0,0,0,0,0,0,1,0,0,0,0,0,0,0,20,20,21,2,2,-1,4,0
11,6,1,1,0,0,0,0,0,0,0,0,0,1,0,0,0,0,0,0,0,0,0,0,0,0,154,253,299,1,1,10,4,0
11,2,1,0,0,0,0,0,1,1,0,1,0,0,0,0,0,0,0,0,0,0,0,0,0,0,68,146,1518,1,1,10,4,0
11,2,1,0,0,0,0,0,1,1,0,1,0,0,0,0,0,0,0,0,0,0,0,0,0,0,177,703,982,1,1,10,4,0
11,2,1,0,0,0,0,0,1,1,0,1,0,0,0,0,0,0,0,0,0,0,0,0,0,0,129,190,217,1,1,10,4,1
11,3,1,1,0,0,0,0,0,0,1,0,0,0,0,0,0,0,0,0,0,0,0,0,0,0,102,138,1396,1,1,10,4,0
11,2,1,0,0,0,0,0,1,1,0,1,0,0,0,0,0,0,0,0,0,0,0,0,0,0,82,262,1253,1,1,10,4,0
11,3,1,1,0,0,0,0,0,0,1,0,0,0,0,0,0,0,0,0,0,0,0,0,0,0,102,138,149,2,2,-1,5,0
11,5,1,0,0,0,0,0,1,0,0,0,0,0,0,0,0,0,1,0,0,0,0,0,0,0,34,48,51,2,2,-1,4,0
11,5,0,0,0,0,0,0,0,0,0,0,0,0,0,0,0,0,0,0,0,0,0,0,0,1,57,368,464,2,2,6,4,0
11,2,1,0,0,0,0,0,1,1,0,1,0,0,0,0,0,0,0,0,0,0,0,0,0,0,148,226,441,2,2,-1,4,1
11,1,1,0,0,0,0,0,1,0,1,0,0,0,0,0,0,0,0,1,0,0,0,0,0,0,98,597,812,1,1,10,5,0
11,2,1,0,0,0,0,0,1,1,0,1,0,0,0,0,0,0,0,0,0,0,0,0,0,0,152,241,818,1,1,10,4,0
11,2,1,0,0,0,0,0,1,1,0,1,0,0,0,0,0,0,0,0,0,0,0,0,0,0,129,190,713,1,1,10,4,0
11,2,1,0,0,0,0,0,1,1,0,1,0,0,0,0,0,0,0,0,0,0,0,0,0,0,72,183,776,1,1,10,4,0
11,1,1,0,0,0,0,0,1,0,1,0,0,0,0,0,0,0,0,1,0,0,0,0,0,0,70,164,184,1,1,10,4,0
11,5,0,0,0,0,0,0,0,0,0,0,0,0,0,0,0,0,0,0,0,0,0,0,0,1,-1,-1,-1,2,2,6,4,0
11,2,1,0,0,0,0,0,1,1,0,1,0,0,0,0,0,0,0,0,0,0,0,0,0,0,44,52,1208,2,2,-1,4,0
11,2,1,0,0,0,0,0,1,1,0,1,0,0,0,0,0,0,0,0,0,0,0,0,0,0,32,297,444,1,1,9,4,0
11,9,1,1,1,0,0,0,1,1,1,1,0,1,0,0,0,1,1,1,1,1,0,0,0,0,7,7,7,1,1,10,4,0
11,2,1,0,0,0,0,0,1,1,0,1,0,0,0,0,0,0,0,0,0,0,0,0,0,0,4,512,675,1,1,10,4,0
11,1,1,0,0,0,0,0,1,0,1,0,0,0,0,0,0,0,0,1,0,0,0,0,0,0,128,189,827,1,1,9,4,0
11,15,1,1,0,0,0,0,0,0,1,0,0,1,0,0,0,0,1,0,0,0,0,0,0,0,21,21,202,2,2,-1,4,0
11,10,1,1,0,0,0,0,0,0,1,0,0,0,0,0,0,0,0,1,0,0,0,0,0,0,60,874,1266,1,1,10,4,0
11,1,1,0,0,0,0,0,1,0,1,0,0,0,0,0,0,0,0,1,0,0,0,0,0,0,7,7,7,1,1,10,4,1
11,2,1,0,0,0,0,0,1,1,0,1,0,0,0,0,0,0,0,0,0,0,0,0,0,0,2,2,2,1,1,8,4,0
11,4,1,1,0,0,0,0,0,0,1,0,0,0,0,0,0,0,0,0,0,0,0,0,0,0,43,51,1334,1,1,10,4,0
11,3,1,1,0,0,0,0,0,0,1,0,0,0,0,0,0,0,0,0,0,0,0,0,0,0,172,805,1393,2,2,-1,4,0
11,2,1,0,0,0,0,0,1,1,0,1,0,0,0,0,0,0,0,0,0,0,0,0,0,0,57,1024,1512,2,2,-1,4,0
11,2,1,0,0,0,0,0,1,1,0,1,0,0,0,0,0,0,0,0,0,0,0,0,0,0,35,37,60,1,1,10,4,1
11,3,1,1,0,0,0,0,0,0,1,0,0,0,0,0,0,0,0,0,0,0,0,0,0,0,15,15,15,2,2,5,5,0
11,2,1,0,0,0,0,0,1,1,0,1,0,0,0,0,0,0,0,0,0,0,0,0,0,0,102,138,149,1,1,10,4,1
11,1,1,0,0,0,0,0,1,0,1,0,0,0,0,0,0,0,0,1,0,0,0,0,0,0,18,426,547,1,1,10,5,0
11,1,1,0,0,0,0,0,1,0,1,0,0,0,0,0,0,0,0,1,0,0,0,0,0,0,167,298,356,1,1,10,4,0
14,3,1,1,0,0,0,0,0,0,1,0,0,0,0,0,0,0,0,0,0,0,0,0,0,0,2,2,2,1,1,10,4,0
14,32,1,1,0,0,0,0,0,0,1,0,0,1,0,0,0,0,0,0,0,0,0,0,0,0,61,568,764,1,1,10,5,0
14,3,1,1,0,0,0,0,0,0,1,0,0,0,0,0,0,0,0,0,0,0,0,0,0,0,73,93,101,2,2,6,4,0
14,3,1,1,0,0,0,0,0,0,1,0,0,0,0,0,0,0,0,0,0,0,0,0,0,0,90,119,129,1,1,10,4,0
14,10,1,1,0,0,0,0,0,0,1,0,0,0,0,0,0,0,0,1,0,0,0,0,0,0,99,1002,1475,1,1,10,4,0
14,2,1,0,0,0,0,0,1,1,0,1,0,0,0,0,0,0,0,0,0,0,0,0,0,0,93,122,132,1,1,10,4,0
14,13,1,1,0,0,0,0,0,0,1,0,0,0,0,0,0,0,0,0,1,1,0,0,0,0,10,388,493,2,2,-1,4,0
14,1,1,0,0,0,0,0,1,0,1,0,0,0,0,0,0,0,0,1,0,0,0,0,0,0,140,207,380,1,1,10,4,0
14,16,1,1,0,0,0,0,1,0,1,1,0,0,0,0,0,0,0,0,0,0,0,0,0,0,100,784,1132,1,1,10,4,0
14,1,1,0,0,0,0,0,1,0,1,0,0,0,0,0,0,0,0,1,0,0,0,0,0,0,84,109,119,1,1,10,4,0
14,4,1,1,0,0,0,0,0,0,1,0,0,1,0,0,0,0,0,0,0,1,0,0,0,0,15,15,15,1,1,10,4,0
14,3,1,1,0,0,0,0,0,0,1,0,0,0,0,0,0,0,0,0,0,0,0,0,0,0,50,851,1229,1,1,10,4,0
14,3,1,1,0,0,0,0,0,0,1,0,0,0,0,0,0,0,0,0,0,0,0,0,0,0,127,188,215,2,2,4,4,0
14,3,1,1,0,0,0,0,0,0,1,0,0,0,0,0,0,0,0,0,0,0,0,0,0,0,72,183,207,2,2,6,4,0
14,2,1,0,0,0,0,0,1,1,0,1,0,0,0,0,0,0,0,0,0,0,0,0,0,0,49,453,590,1,1,10,4,1
14,2,1,0,0,0,0,0,1,1,0,1,0,0,0,0,0,0,0,0,0,0,0,0,0,0,98,451,588,1,1,10,4,0
14,2,1,0,0,0,0,0,1,1,0,1,0,0,0,0,0,0,0,0,0,0,0,0,0,0,102,138,1396,1,1,10,4,0
14,2,1,0,0,0,0,0,1,1,0,1,0,0,0,0,0,0,0,0,0,0,0,0,0,0,13,13,13,1,1,10,4,0
14,2,1,0,0,0,0,0,1,1,0,1,0,0,0,0,0,0,0,0,0,0,0,0,0,0,85,278,331,1,1,10,4,1
14,3,1,1,0,0,0,0,0,0,1,0,0,0,0,0,0,0,0,0,0,0,0,0,0,0,32,1046,1542,1,1,10,4,0
14,1,1,0,0,0,0,0,1,0,1,0,0,0,0,0,0,0,0,1,0,0,0,0,0,0,6,181,203,1,1,10,5,0
14,3,1,1,0,0,0,0,0,0,1,0,0,0,0,0,0,0,0,0,0,0,0,0,0,0,95,410,136,1,1,10,4,0
14,1,1,0,0,0,0,0,1,0,1,0,0,0,0,0,0,0,0,1,0,0,0,0,0,0,67,86,94,1,1,10,4,0
14,21,1,1,0,0,0,0,1,1,1,0,0,1,0,0,0,0,1,0,0,0,0,0,0,0,20,20,21,2,2,5,5,0
14,2,1,0,0,0,0,0,1,1,0,1,0,0,0,0,0,0,0,0,0,0,0,0,0,0,162,282,336,1,1,10,4,0
14,2,1,0,0,0,0,0,1,1,0,1,0,0,0,0,0,0,0,0,0,0,0,0,0,0,102,138,149,2,2,-1,4,0
14,1,1,0,0,0,0,0,1,0,1,0,0,0,0,0,0,0,0,1,0,0,0,0,0,0,142,215,249,1,1,10,4,0
14,5,1,0,0,0,0,0,1,0,0,0,0,0,0,0,0,0,1,0,0,0,0,0,0,0,13,13,1145,1,1,10,4,0
14,2,1,0,0,0,0,0,1,1,0,1,0,0,0,0,0,0,0,0,0,0,0,0,0,0,32,1120,1643,1,1,10,5,0
14,6,1,1,0,0,0,0,0,0,0,0,0,1,0,0,0,0,0,0,0,0,0,0,0,0,37,197,225,1,1,10,5,0
14,2,1,0,0,0,0,0,1,1,0,1,0,0,0,0,0,0,0,0,0,0,0,0,0,0,70,733,97,1,1,10,4,0
14,6,1,1,0,0,0,0,0,0,0,0,0,1,0,0,0,0,0,0,0,0,0,0,0,0,172,805,1171,2,2,6,4,0
14,7,1,1,0,0,0,0,0,0,0,0,0,1,0,0,0,0,0,0,0,0,0,0,0,0,192,500,660,2,2,4,4,0
14,2,1,0,0,0,0,0,1,1,0,1,0,0,0,0,0,0,0,0,0,0,0,0,0,0,185,420,541,1,1,10,4,0
14,2,1,0,0,0,0,0,1,1,0,1,0,0,0,0,0,0,0,0,0,0,0,0,0,0,14,260,1048,1,1,10,4,0
14,1,1,0,0,0,0,0,1,0,1,0,0,0,0,0,0,0,0,1,0,0,0,0,0,0,17,17,17,1,1,10,4,0
14,2,1,0,0,0,0,0,1,1,0,1,0,0,0,0,0,0,0,0,0,0,0,0,0,0,91,778,1120,1,1,10,5,0
14,2,1,0,0,0,0,0,1,1,0,1,0,0,0,0,0,0,0,0,0,0,0,0,0,0,99,165,185,1,1,10,4,0
14,2,1,0,0,0,0,0,1,1,0,1,0,0,0,0,0,0,0,0,0,0,0,0,0,0,7,7,7,1,1,9,5,0
14,6,1,1,0,0,0,0,0,0,0,0,0,1,0,0,0,0,0,0,0,0,0,0,0,0,34,117,1045,1,1,10,4,0
14,13,1,1,0,0,0,0,0,0,1,0,0,0,0,0,0,0,0,0,1,1,0,0,0,0,41,90,98,1,1,10,4,0
14,2,1,0,0,0,0,0,1,1,0,1,0,0,0,0,0,0,0,0,0,0,0,0,0,0,40,1119,1641,1,1,10,4,0
14,5,0,0,0,0,0,0,0,0,0,0,0,0,0,0,0,0,0,0,0,0,0,0,0,1,176,340,419,1,1,10,4,0
14,2,1,0,0,0,0,0,1,1,0,1,0,0,0,0,0,0,0,0,0,0,0,0,0,0,68,649,1124,1,1,10,4,0
14,2,1,0,0,0,0,0,1,1,0,1,0,0,0,0,0,0,0,0,0,0,0,0,0,0,39,42,152,1,1,10,4,0
14,3,1,1,0,0,0,0,0,0,1,0,0,0,0,0,0,0,0,0,0,0,0,0,0,0,52,62,67,2,2,6,4,0
14,2,1,0,0,0,0,0,1,1,0,1,0,0,0,0,0,0,0,0,0,0,0,0,0,0,41,507,666,1,1,10,4,0
14,13,1,1,0,0,0,0,0,0,1,0,0,0,0,0,0,0,0,0,1,1,0,0,0,0,186,422,543,1,1,10,4,0
14,2,1,0,0,0,0,0,1,1,0,1,0,0,0,0,0,0,0,0,0,0,0,0,0,0,17,17,17,1,1,9,4,0
14,4,1,1,0,0,0,0,0,0,1,0,0,0,0,0,0,0,0,0,0,0,0,0,0,0,64,80,87,1,1,9,5,0
14,2,1,0,0,0,0,0,1,1,0,1,0,0,0,0,0,0,0,0,0,0,0,0,0,0,6,79,924,1,1,10,4,0
14,18,0,1,0,0,0,0,0,1,0,0,0,0,0,0,0,0,0,0,0,0,0,0,0,0,37,197,225,1,1,10,4,0
14,3,1,1,0,0,0,0,0,0,1,0,0,0,0,0,0,0,0,0,0,0,0,0,0,0,131,311,228,1,1,9,4,0
14,1,1,0,0,0,0,0,1,0,1,0,0,0,0,0,0,0,0,1,0,0,0,0,0,0,139,450,587,1,1,10,4,0
14,2,1,0,0,0,0,0,1,1,0,1,0,0,0,0,0,0,0,0,0,0,0,0,0,0,44,52,1208,1,1,10,4,0
14,2,1,0,0,0,0,0,1,1,0,1,0,0,0,0,0,0,0,0,0,0,0,0,0,0,58,72,78,1,1,9,4,0
14,8,1,1,0,0,0,0,0,0,1,0,0,0,0,0,0,0,0,0,0,0,0,0,0,0,2,2,2,2,2,4,5,0
14,7,1,1,0,0,0,0,0,0,0,0,0,1,0,0,0,0,0,0,0,0,0,0,0,0,47,58,63,1,1,10,4,0
14,2,1,0,0,0,0,0,1,1,0,1,0,0,0,0,0,0,0,0,0,0,0,0,0,0,69,88,96,2,2,-1,4,0
14,2,1,0,0,0,0,0,1,1,0,1,0,0,0,0,0,0,0,0,0,0,0,0,0,0,13,13,13,1,1,8,4,0
14,14,1,0,0,0,0,0,0,0,0,0,0,0,0,0,0,0,0,0,0,0,0,0,0,0,-1,-1,-1,1,1,10,4,0
14,3,1,1,0,0,0,0,0,0,1,0,0,0,0,0,0,0,0,0,0,0,0,0,0,0,207,632,1433,2,2,5,5,0
14,2,1,0,0,0,0,0,1,1,0,1,0,0,0,0,0,0,0,0,0,0,0,0,0,0,14,519,687,1,1,10,4,0
14,2,1,0,0,0,0,0,1,1,0,1,0,0,0,0,0,0,0,0,0,0,0,0,0,0,173,331,408,1,1,10,4,0
14,2,1,0,0,0,0,0,1,1,0,1,0,0,0,0,0,0,0,0,0,0,0,0,0,0,45,54,154,1,1,10,5,0
14,4,1,1,0,0,0,0,0,0,1,0,0,1,0,0,0,0,0,0,0,1,0,0,0,0,79,102,112,1,1,10,4,0
14,2,1,0,0,0,0,0,1,1,0,1,0,0,0,0,0,0,0,0,0,0,0,0,0,0,50,137,148,1,1,10,4,0
14,12,1,1,0,0,0,0,0,0,1,0,0,0,0,0,0,0,0,0,0,0,0,0,0,0,38,41,582,1,1,10,4,0
14,2,1,0,0,0,0,0,1,1,0,1,0,0,0,0,0,0,0,0,0,0,0,0,0,0,132,393,1620,1,1,10,4,0
14,1,1,0,0,0,0,0,1,0,1,0,0,0,0,0,0,0,0,1,0,0,0,0,0,0,67,216,250,1,1,10,4,0
14,17,1,1,0,0,0,0,0,0,1,0,0,0,0,0,0,0,0,0,0,0,0,0,0,0,136,202,230,1,1,8,4,0
14,7,1,1,0,0,0,0,0,0,0,0,0,1,0,0,0,0,0,0,0,0,0,0,0,0,36,39,42,2,2,6,4,0
14,1,1,0,0,0,0,0,1,0,1,0,0,0,0,0,0,0,0,1,0,0,0,0,0,0,63,77,84,1,1,10,4,1
14,1,1,0,0,0,0,0,1,0,1,0,0,0,0,0,0,0,0,1,0,0,0,0,0,0,40,889,1285,1,1,10,4,0
14,1,1,0,0,0,0,0,1,0,1,0,0,0,0,0,0,0,0,1,0,0,0,0,0,0,104,142,1095,1,1,10,4,0
14,2,1,0,0,0,0,0,1,1,0,1,0,0,0,0,0,0,0,0,0,0,0,0,0,0,181,398,507,1,1,9,4,0
14,21,1,1,0,0,0,0,0,1,0,0,0,1,0,0,0,0,1,0,1,0,0,0,0,0,215,1164,1689,2,2,6,4,0
14,2,1,0,0,0,0,0,1,1,0,1,0,0,0,0,0,0,0,0,0,0,0,0,0,0,18,78,85,1,1,10,5,0
14,3,1,1,0,0,0,0,0,0,1,0,0,0,0,0,0,0,0,0,0,0,0,0,0,0,68,87,95,1,1,10,4,0
14,5,1,1,0,0,0,0,1,0,0,0,0,0,0,0,0,0,1,0,0,0,0,0,0,0,-1,-1,-1,1,1,10,5,0
14,2,1,0,0,0,0,0,1,1,0,1,0,0,0,0,0,0,0,0,0,0,0,0,0,0,56,68,73,1,1,10,4,0
14,2,1,0,0,0,0,0,1,1,0,1,0,0,0,0,0,0,0,0,0,0,0,0,0,0,196,677,949,1,1,10,4,0
14,6,1,1,0,0,0,0,0,0,0,0,0,1,0,0,0,0,0,0,0,0,0,0,0,0,94,124,135,1,1,9,4,0
14,2,1,0,0,0,0,0,1,1,0,1,0,0,0,0,0,0,0,0,0,0,0,0,0,0,3,528,700,1,1,10,4,1
14,2,1,0,0,0,0,0,1,1,0,1,0,0,0,0,0,0,0,0,0,0,0,0,0,0,3,835,1211,1,1,10,4,0
14,2,1,0,0,0,0,0,1,1,0,1,0,0,0,0,0,0,0,0,0,0,0,0,0,0,61,75,1673,1,1,10,4,0
14,9,1,1,1,0,0,0,1,1,1,1,0,1,0,0,0,1,1,1,1,1,0,0,0,0,88,116,126,1,1,10,4,0
14,15,1,1,0,0,0,0,1,0,1,0,0,0,0,0,0,0,1,0,0,0,0,0,0,0,107,400,511,1,1,10,4,0
14,13,1,1,0,0,0,0,0,0,1,0,0,0,0,0,0,0,0,0,1,1,0,0,0,0,21,21,202,1,1,10,4,0
14,1,1,0,0,0,0,0,1,0,1,0,0,0,0,0,0,0,0,1,0,0,0,0,0,0,4,66,71,1,1,10,5,0
14,2,1,0,0,0,0,0,1,1,0,1,0,0,0,0,0,0,0,0,0,0,0,0,0,0,152,696,972,1,1,9,4,0
14,5,1,0,0,0,0,0,1,0,0,0,0,0,0,0,0,0,1,0,0,0,0,0,0,0,14,256,754,1,1,10,5,0
14,1,1,0,0,0,0,0,1,0,1,0,0,0,0,0,0,0,0,1,0,0,0,0,0,0,91,1258,1794,1,1,10,4,0
14,7,1,1,0,0,0,0,0,0,0,0,0,1,0,0,0,0,0,0,0,0,0,0,0,0,147,679,951,1,1,10,4,1
14,2,1,0,0,0,0,0,1,1,0,1,0,0,0,0,0,0,0,0,0,0,0,0,0,0,120,279,333,1,1,9,4,0
14,23,1,0,0,0,0,0,0,0,1,0,0,1,0,0,0,0,0,0,1,0,0,0,0,0,58,72,703,1,1,10,4,0
14,3,1,1,0,0,0,0,0,0,1,0,0,0,0,0,0,0,0,0,0,0,0,0,0,0,33,257,307,2,2,-1,4,0
14,3,1,1,0,0,0,0,0,0,1,0,0,0,0,0,0,0,0,0,0,0,0,0,0,0,87,115,125,2,2,5,4,0
14,1,1,0,0,0,0,0,1,0,1,0,0,0,0,0,0,0,0,1,0,0,0,0,0,0,18,38,325,1,1,10,4,0
14,2,1,0,0,0,0,0,1,1,0,1,0,0,0,0,0,0,0,0,0,0,0,0,0,0,116,1001,1474,1,1,10,5,0
14,1,1,0,0,0,0,0,1,0,1,0,0,0,0,0,0,0,0,1,0,0,0,0,0,0,85,223,262,1,1,10,4,0
14,2,1,0,0,0,0,0,1,1,0,1,0,0,0,0,0,0,0,0,0,0,0,0,0,0,76,97,181,1,1,10,4,0
14,13,1,1,0,0,0,0,0,0,1,0,0,0,0,0,0,0,0,0,1,1,0,0,0,0,-1,-1,-1,1,1,10,5,0
14,5,1,0,0,0,0,0,1,0,0,0,0,0,0,0,0,0,1,0,0,0,0,0,0,0,72,183,207,1,1,10,4,0
14,2,1,0,0,0,0,0,1,1,0,1,0,0,0,0,0,0,0,0,0,0,0,0,0,0,14,260,310,1,1,10,5,0
14,2,1,0,0,0,0,0,1,1,0,1,0,0,0,0,0,0,0,0,0,0,0,0,0,0,124,211,244,1,1,9,4,1
14,3,1,1,0,0,0,0,0,0,1,0,0,0,0,0,0,0,0,0,0,0,0,0,0,0,36,39,1725,1,1,10,4,0
14,1,1,0,0,0,0,0,1,0,1,0,0,0,0,0,0,0,0,1,0,0,0,0,0,0,26,27,28,2,2,6,4,0
14,2,1,0,0,0,0,0,1,1,0,1,0,0,0,0,0,0,0,0,0,0,0,0,0,0,16,16,1007,1,1,10,4,0
16,2,1,0,0,0,0,0,1,1,0,1,0,0,0,0,0,0,0,0,0,0,0,0,0,0,77,100,153,2,2,-1,4,0
16,1,1,0,0,0,0,0,1,0,1,0,0,0,0,0,0,0,0,1,0,0,0,0,0,0,23,46,49,1,1,10,4,0
16,3,1,1,0,0,0,0,0,0,1,0,0,0,0,0,0,0,0,0,0,0,0,0,0,0,149,229,1298,2,2,4,4,0
16,1,1,0,0,0,0,0,1,0,1,0,0,0,0,0,0,0,0,1,0,0,0,0,0,0,29,387,492,1,1,10,4,0
16,2,1,0,0,0,0,0,1,1,0,1,0,0,0,0,0,0,0,0,0,0,0,0,0,0,92,121,1320,1,1,10,4,0
16,4,1,1,0,0,0,0,0,0,1,0,0,0,0,0,0,0,0,0,0,0,0,0,0,0,136,819,1189,1,1,10,4,0
16,23,1,0,0,0,0,0,0,0,1,0,0,1,0,0,0,0,0,0,1,0,0,0,0,0,99,233,272,2,2,5,4,0
16,2,1,0,0,0,0,0,1,1,0,1,0,0,0,0,0,0,0,0,0,0,0,0,0,0,145,356,439,1,1,10,4,0
16,3,1,1,0,0,0,0,0,0,1,0,0,0,0,0,0,0,0,0,0,0,0,0,0,0,2,2,2,2,2,5,4,0
16,13,1,1,0,0,0,0,0,0,1,0,0,0,0,0,0,0,0,0,1,1,0,0,0,0,44,52,1205,1,1,6,4,0
16,5,1,0,0,0,0,0,1,0,0,0,0,0,0,0,0,0,1,0,0,0,0,0,0,0,122,408,523,1,1,10,5,0
16,2,1,0,0,0,0,0,1,1,0,1,0,0,0,0,0,0,0,0,0,0,0,0,0,0,92,534,710,1,1,10,4,0
16,13,1,1,0,0,0,0,0,0,1,0,0,0,0,0,0,0,0,0,1,1,0,0,0,0,98,348,428,1,1,10,4,1
16,21,1,1,0,0,0,0,1,1,1,0,0,1,0,0,0,0,1,0,0,0,0,0,0,0,46,55,59,1,1,9,5,0
16,2,1,0,0,0,0,0,1,1,0,1,0,0,0,0,0,0,0,0,0,0,0,0,0,0,147,1031,1522,1,1,10,4,0
16,23,1,0,0,0,0,0,0,0,1,0,0,1,0,0,0,0,0,0,1,0,0,0,0,0,7,7,7,2,2,6,4,0
16,21,1,1,0,0,0,0,0,1,0,0,0,1,0,0,0,0,1,0,1,0,0,0,0,0,-1,-1,-1,1,1,10,4,0
16,6,1,1,0,0,0,0,0,0,0,0,0,1,0,0,0,0,0,0,0,0,0,0,0,0,2,2,2,1,1,9,4,0
16,2,1,0,0,0,0,0,1,1,0,1,0,0,0,0,0,0,0,0,0,0,0,0,0,0,185,420,541,1,1,10,4,0
16,1,1,0,0,0,0,0,1,0,1,0,0,0,0,0,0,0,0,1,0,0,0,0,0,0,2,2,2,1,1,10,5,0
16,2,1,0,0,0,0,0,1,1,0,1,0,0,0,0,0,0,0,0,0,0,0,0,0,0,167,298,356,2,2,5,4,0
16,4,1,1,0,0,0,0,0,0,1,0,0,0,0,0,0,0,0,0,0,0,0,0,0,0,99,233,272,1,1,10,4,0
16,1,1,0,0,0,0,0,1,0,1,0,0,0,0,0,0,0,0,1,0,0,0,0,0,0,96,577,773,1,1,10,4,0
16,1,1,0,0,0,0,0,1,0,1,0,0,0,0,0,0,0,0,1,0,0,0,0,0,0,8,8,20,1,1,10,5,0
16,1,1,0,0,0,0,0,1,0,1,0,0,0,0,0,0,0,0,1,0,0,0,0,0,0,13,13,13,1,1,10,4,0
16,3,1,1,0,0,0,0,0,0,1,0,0,0,0,0,0,0,0,0,0,0,0,0,0,0,6,246,1424,1,1,9,4,0
16,1,1,0,0,0,0,0,1,0,1,0,0,0,0,0,0,0,0,1,0,0,0,0,0,0,65,83,992,1,1,10,4,0
16,6,1,1,0,0,0,0,0,0,0,0,0,1,0,0,0,0,0,0,0,0,0,0,0,0,22,22,23,1,1,10,4,0
16,23,1,0,0,0,0,0,0,0,1,0,0,1,0,0,0,0,0,0,1,0,0,0,0,0,69,88,96,1,1,10,4,0
16,2,1,0,0,0,0,0,1,1,0,1,0,0,0,0,0,0,0,0,0,0,0,0,0,0,23,242,283,1,1,10,4,0
16,2,1,0,0,0,0,0,1,1,0,1,0,0,0,0,0,0,0,0,0,0,0,0,0,0,120,169,189,1,1,10,5,0
16,3,1,1,0,0,0,0,0,0,1,0,0,0,0,0,0,0,0,0,0,0,0,0,0,0,31,33,34,2,2,-1,4,0
16,2,1,0,0,0,0,0,1,1,0,1,0,0,0,0,0,0,0,0,0,0,0,0,0,0,52,62,67,2,2,-1,4,0
16,23,1,0,0,0,0,0,0,0,1,0,0,1,0,0,0,0,0,0,1,0,0,0,0,0,51,424,545,1,1,10,4,0
16,6,1,1,0,0,0,0,0,0,0,0,0,1,0,0,0,0,0,0,0,0,0,0,0,0,50,60,65,1,1,10,4,0
16,1,1,0,0,0,0,0,1,0,1,0,0,0,0,0,0,0,0,1,0,0,0,0,0,0,151,235,342,1,1,10,4,0
16,2,1,0,0,0,0,0,1,1,0,1,0,0,0,0,0,0,0,0,0,0,0,0,0,0,163,288,450,1,1,10,4,0
16,1,1,0,0,0,0,0,1,0,1,0,0,0,0,0,0,0,0,1,0,0,0,0,0,0,151,235,274,1,1,9,4,0
16,1,1,0,0,0,0,0,1,0,1,0,0,0,0,0,0,0,0,1,0,0,0,0,0,0,36,39,801,1,1,8,4,0
16,2,1,0,0,0,0,0,1,1,0,1,0,0,0,0,0,0,0,0,0,0,0,0,0,0,28,30,944,1,1,9,4,0
16,2,1,0,0,0,0,0,1,1,0,1,0,0,0,0,0,0,0,0,0,0,0,0,0,0,147,417,535,1,1,10,4,0
16,1,1,0,0,0,0,0,1,0,1,0,0,0,0,0,0,0,0,1,0,0,0,0,0,0,15,15,763,1,1,10,4,0
16,20,1,1,0,0,0,0,0,0,1,0,0,1,0,0,0,0,0,0,0,0,0,0,0,0,7,7,7,1,1,10,5,0
16,2,1,0,0,0,0,0,1,1,0,1,0,0,0,0,0,0,0,0,0,0,0,0,0,0,128,189,216,2,2,6,4,0
16,2,1,0,0,0,0,0,1,1,0,1,0,0,0,0,0,0,0,0,0,0,0,0,0,0,98,266,316,1,1,10,4,0
16,1,1,0,0,0,0,0,1,0,1,0,0,0,0,0,0,0,0,1,0,0,0,0,0,0,105,143,158,1,1,10,4,0
16,2,1,0,0,0,0,0,1,1,0,1,0,0,0,0,0,0,0,0,0,0,0,0,0,0,125,506,665,1,1,10,4,0
16,2,1,0,0,0,0,0,1,1,0,1,0,0,0,0,0,0,0,0,0,0,0,0,0,0,117,325,513,1,1,10,4,0
16,2,1,0,0,0,0,0,1,1,0,1,0,0,0,0,0,0,0,0,0,0,0,0,0,0,148,226,441,1,1,10,4,0
16,2,1,0,0,0,0,0,1,1,0,1,0,0,0,0,0,0,0,0,0,0,0,0,0,0,92,929,1359,1,1,10,4,0
16,6,1,1,0,0,0,0,0,0,0,0,0,1,0,0,0,0,0,0,0,0,0,0,0,0,191,1088,1597,2,2,6,4,0
16,2,1,0,0,0,0,0,1,1,0,1,0,0,0,0,0,0,0,0,0,0,0,0,0,0,44,52,56,1,1,8,4,0
16,23,1,0,0,0,0,0,0,0,1,0,0,1,0,0,0,0,0,0,1,0,0,0,0,0,166,594,1757,1,1,10,4,0
16,1,1,0,0,0,0,0,1,0,1,0,0,0,0,0,0,0,0,1,0,0,0,0,0,0,51,304,366,1,1,10,4,0
16,2,1,0,0,0,0,0,1,1,0,1,0,0,0,0,0,0,0,0,0,0,0,0,0,0,129,190,217,1,1,10,4,0
16,2,1,0,0,0,0,0,1,1,0,1,0,0,0,0,0,0,0,0,0,0,0,0,0,0,48,513,677,1,1,10,4,0
16,1,1,0,0,0,0,0,1,0,1,0,0,0,0,0,0,0,0,1,0,0,0,0,0,0,166,594,1632,1,1,10,4,0
16,3,1,1,0,0,0,0,0,0,1,0,0,0,0,0,0,0,0,0,0,0,0,0,0,0,-1,-1,-1,2,2,6,4,0
16,3,1,1,0,0,0,0,0,0,1,0,0,0,0,0,0,0,0,0,0,0,0,0,0,0,180,394,500,2,2,6,4,0
16,2,1,0,0,0,0,0,1,1,0,1,0,0,0,0,0,0,0,0,0,0,0,0,0,0,152,241,282,1,1,9,5,0
16,2,1,0,0,0,0,0,1,1,0,1,0,0,0,0,0,0,0,0,0,0,0,0,0,0,68,690,966,1,1,10,4,0
16,2,1,0,0,0,0,0,1,1,0,1,0,0,0,0,0,0,0,0,0,0,0,0,0,0,40,218,253,1,1,10,5,0
16,2,1,0,0,0,0,0,1,1,0,1,0,0,0,0,0,0,0,0,0,0,0,0,0,0,15,15,885,1,1,10,4,0
16,3,1,1,0,0,0,0,0,0,1,0,0,0,0,0,0,0,0,0,0,0,0,0,0,0,3,528,700,2,2,6,5,0
16,2,1,0,0,0,0,0,1,1,0,1,0,0,0,0,0,0,0,0,0,0,0,0,0,0,129,190,1832,1,1,10,4,0
16,1,1,0,0,0,0,0,1,0,1,0,0,0,0,0,0,0,0,1,0,0,0,0,0,0,110,195,544,1,1,10,4,0
16,2,1,0,0,0,0,0,1,1,0,1,0,0,0,0,0,0,0,0,0,0,0,0,0,0,32,829,1201,1,1,10,4,0
16,2,1,0,0,0,0,0,1,1,0,1,0,0,0,0,0,0,0,0,0,0,0,0,0,0,101,767,1101,1,1,10,4,0
16,2,1,0,0,0,0,0,1,1,0,1,0,0,0,0,0,0,0,0,0,0,0,0,0,0,87,115,125,1,1,9,4,0
16,11,1,1,0,0,0,0,0,0,1,0,0,0,0,0,0,0,0,1,0,0,0,0,0,0,177,343,422,2,2,4,5,0
16,23,1,0,0,0,0,0,0,0,1,0,0,1,0,0,0,0,0,0,1,0,0,0,0,0,192,742,1057,1,1,10,4,0
16,23,1,0,0,0,0,0,0,0,1,0,0,1,0,0,0,0,0,0,1,0,0,0,0,0,90,479,628,1,1,10,4,0
16,2,1,0,0,0,0,0,1,1,0,1,0,0,0,0,0,0,0,0,0,0,0,0,0,0,4,1013,1498,1,1,10,4,0
16,2,1,0,0,0,0,0,1,1,0,1,0,0,0,0,0,0,0,0,0,0,0,0,0,0,112,172,193,1,1,10,4,0
16,5,1,0,0,0,0,0,1,0,0,0,0,0,0,0,0,0,1,0,0,0,0,0,0,0,92,929,1359,1,1,10,4,0
16,1,1,0,0,0,0,0,1,0,1,0,0,0,0,0,0,0,0,1,0,0,0,0,0,0,50,60,1792,1,1,10,4,0
16,1,1,0,0,0,0,0,1,0,1,0,0,0,0,0,0,0,0,1,0,0,0,0,0,0,50,139,150,1,1,10,4,0
16,2,1,0,0,0,0,0,1,1,0,1,0,0,0,0,0,0,0,0,0,0,0,0,0,0,119,167,187,1,1,9,4,0
16,2,1,0,0,0,0,0,1,1,0,1,0,0,0,0,0,0,0,0,0,0,0,0,0,0,57,368,464,1,1,10,4,0
16,6,1,1,0,0,0,0,0,0,0,0,0,1,0,0,0,0,0,0,0,0,0,0,0,0,60,874,1266,1,1,10,4,0
16,23,1,0,0,0,0,0,0,0,1,0,0,1,0,0,0,0,0,0,1,0,0,0,0,0,71,91,99,1,1,10,4,0
16,6,1,1,0,0,0,0,0,0,0,0,0,1,0,0,0,0,0,0,0,0,0,0,0,0,34,36,332,1,1,10,5,0
16,23,1,0,0,0,0,0,0,0,1,0,0,1,0,0,0,0,0,0,1,0,0,0,0,0,2,2,1472,1,1,10,4,0
16,7,1,1,0,0,0,0,0,0,0,0,0,1,0,0,0,0,0,0,0,0,0,0,0,0,34,36,332,2,2,-1,4,0
16,2,1,0,0,0,0,0,1,1,0,1,0,0,0,0,0,0,0,0,0,0,0,0,0,0,7,7,7,1,1,10,4,1
16,7,1,1,0,0,0,0,0,0,0,0,0,1,0,0,0,0,0,0,0,0,0,0,0,0,37,1304,1838,1,1,10,4,0
16,23,1,0,0,0,0,0,0,0,1,0,0,1,0,0,0,0,0,0,1,0,0,0,0,0,34,48,51,1,1,10,4,0
16,2,1,0,0,0,0,0,1,1,0,1,0,0,0,0,0,0,0,0,0,0,0,0,0,0,73,93,101,1,1,9,4,0
16,3,1,1,0,0,0,0,0,0,1,0,0,0,0,0,0,0,0,0,0,0,0,0,0,0,2,2,2,2,2,5,5,0
16,3,1,1,0,0,0,0,0,0,1,0,0,0,0,0,0,0,0,0,0,0,0,0,0,0,85,278,354,2,2,-1,4,0
16,3,1,1,0,0,0,0,0,0,1,0,0,0,0,0,0,0,0,0,0,0,0,0,0,0,17,17,17,1,1,10,4,0
16,23,1,0,0,0,0,0,0,0,1,0,0,1,0,0,0,0,0,0,1,0,0,0,0,0,63,77,84,1,1,10,4,0
16,3,1,1,0,0,0,0,0,0,1,0,0,0,0,0,0,0,0,0,0,0,0,0,0,0,134,455,592,1,1,10,4,0
16,2,1,0,0,0,0,0,1,1,0,1,0,0,0,0,0,0,0,0,0,0,0,0,0,0,33,302,481,1,1,10,4,0
16,2,1,0,0,0,0,0,1,1,0,1,0,0,0,0,0,0,0,0,0,0,0,0,0,0,131,575,860,1,1,10,4,0
16,2,1,0,0,0,0,0,1,1,0,1,0,0,0,0,0,0,0,0,0,0,0,0,0,0,75,617,842,1,1,10,4,0
16,3,1,1,0,0,0,0,0,0,1,0,0,0,0,0,0,0,0,0,0,0,0,0,0,0,106,557,745,2,2,-1,4,1
16,2,1,0,0,0,0,0,1,1,0,1,0,0,0,0,0,0,0,0,0,0,0,0,0,0,-1,-1,-1,1,1,10,4,1
16,2,1,0,0,0,0,0,1,1,0,1,0,0,0,0,0,0,0,0,0,0,0,0,0,0,47,56,61,1,1,10,4,0
16,21,1,1,1,0,0,0,1,1,1,0,0,1,0,0,0,0,1,0,0,1,0,0,0,0,3,134,145,1,1,10,5,0
16,23,1,0,0,0,0,0,0,0,1,0,0,1,0,0,0,0,0,0,1,0,0,0,0,0,32,193,221,1,1,9,4,0
16,23,1,0,0,0,0,0,0,0,1,0,0,1,0,0,0,0,0,0,1,0,0,0,0,0,29,355,811,2,2,6,4,0
16,2,1,0,0,0,0,0,1,1,0,1,0,0,0,0,0,0,0,0,0,0,0,0,0,0,131,192,219,1,1,9,4,0
16,2,1,0,0,0,0,0,1,1,0,1,0,0,0,0,0,0,0,0,0,0,0,0,0,0,195,745,1064,1,1,10,4,0
16,2,1,0,0,0,0,0,1,1,0,1,0,0,0,0,0,0,0,0,0,0,0,0,0,0,33,470,618,1,1,9,5,0
16,1,1,0,0,0,0,0,1,0,1,0,0,0,0,0,0,0,0,1,0,0,0,0,0,0,184,414,529,1,1,10,4,0
16,2,1,0,0,0,0,0,1,1,0,1,0,0,0,0,0,0,0,0,0,0,0,0,0,0,4,66,71,1,1,9,4,0
16,2,1,0,0,0,0,0,1,1,0,1,0,0,0,0,0,0,0,0,0,0,0,0,0,0,72,92,100,1,1,10,4,0
16,6,1,1,0,0,0,0,0,0,0,0,0,1,0,0,0,0,0,0,0,0,0,0,0,0,7,7,7,1,1,10,4,1
16,5,1,0,0,0,0,0,1,0,0,0,0,0,0,0,0,0,1,0,0,0,0,0,0,0,65,83,1447,1,1,10,5,0
16,2,1,0,0,0,0,0,1,1,0,1,0,0,0,0,0,0,0,0,0,0,0,0,0,0,66,96,1463,1,1,10,4,0
16,1,1,0,0,0,0,0,1,0,1,0,0,0,0,0,0,0,0,1,0,0,0,0,0,0,94,124,135,1,1,10,4,1
16,23,1,0,0,0,0,0,0,0,1,0,0,1,0,0,0,0,0,0,1,0,0,0,0,0,138,205,235,2,2,6,4,0
16,13,1,1,0,0,0,0,0,0,1,0,0,0,0,0,0,0,0,0,1,1,0,0,0,0,80,104,114,1,1,10,4,0
16,13,1,1,0,0,0,0,0,0,1,0,0,0,0,0,0,0,0,0,1,1,0,0,0,0,44,52,56,1,1,10,4,0
16,2,1,0,0,0,0,0,1,1,0,1,0,0,0,0,0,0,0,0,0,0,0,0,0,0,197,569,1391,1,1,8,4,0
16,2,1,0,0,0,0,0,1,1,0,1,0,0,0,0,0,0,0,0,0,0,0,0,0,0,6,946,1388,1,1,10,5,0
16,16,1,1,0,0,0,0,1,0,1,1,0,0,0,0,0,0,0,0,0,0,0,0,0,0,5,428,550,2,2,6,5,1
16,4,1,1,0,0,0,0,0,0,1,0,0,0,0,0,0,0,0,0,0,0,0,0,0,0,69,541,723,1,1,10,5,0
16,21,1,1,0,0,0,0,0,1,0,0,0,1,0,0,0,0,1,0,1,0,0,0,0,0,20,20,21,2,2,-1,4,0
16,2,1,0,0,0,0,0,1,1,0,1,0,0,0,0,0,0,0,0,0,0,0,0,0,0,27,544,727,1,1,10,4,0
16,2,1,0,0,0,0,0,1,1,0,1,0,0,0,0,0,0,0,0,0,0,0,0,0,0,160,277,330,2,2,6,4,0
16,23,1,0,0,0,0,0,0,0,1,0,0,1,0,0,0,0,0,0,1,0,0,0,0,0,127,188,215,1,1,10,4,0
16,13,1,1,0,0,0,0,0,0,1,0,0,0,0,0,0,0,0,0,1,1,0,0,0,0,73,106,116,1,1,9,4,0
16,6,1,1,0,0,0,0,0,0,0,0,0,1,0,0,0,0,0,0,0,0,0,0,0,0,32,336,415,1,1,10,4,0
16,2,1,0,0,0,0,0,1,1,0,1,0,0,0,0,0,0,0,0,0,0,0,0,0,0,3,370,468,1,1,10,4,0
16,1,1,0,0,0,0,0,1,0,1,0,0,0,0,0,0,0,0,1,0,0,0,0,0,0,50,619,919,1,1,10,4,0
16,6,1,1,0,0,0,0,0,0,0,0,0,1,0,0,0,0,0,0,0,0,0,0,0,0,34,36,332,2,2,-1,4,0
16,23,1,0,0,0,0,0,0,0,1,0,0,1,0,0,0,0,0,0,1,0,0,0,0,0,89,118,128,1,1,10,4,0
16,2,1,0,0,0,0,0,1,1,0,1,0,0,0,0,0,0,0,0,0,0,0,0,0,0,37,197,839,1,1,10,5,0
16,7,1,1,0,0,0,0,0,0,0,0,0,1,0,0,0,0,0,0,0,0,0,0,0,0,183,1104,1619,1,1,10,4,0
16,21,1,1,0,0,0,0,1,1,1,0,0,1,0,0,0,0,1,0,0,0,0,0,0,0,13,13,13,2,2,4,5,0
16,2,1,0,0,0,0,0,1,1,0,1,0,0,0,0,0,0,0,0,0,0,0,0,0,0,195,697,973,1,1,10,4,0
16,2,1,0,0,0,0,0,1,1,0,1,0,0,0,0,0,0,0,0,0,0,0,0,0,0,102,138,149,2,2,-1,4,0
16,1,1,0,0,0,0,0,1,0,1,0,0,0,0,0,0,0,0,1,0,0,0,0,0,0,26,27,1069,1,1,10,4,0
15,3,1,1,0,0,0,0,0,0,1,0,0,0,0,0,0,0,0,0,0,0,0,0,0,0,24,24,25,1,1,10,4,0
15,2,1,0,0,0,0,0,1,1,0,1,0,0,0,0,0,0,0,0,0,0,0,0,0,0,14,519,687,1,1,10,4,0
15,2,1,0,0,0,0,0,1,1,0,1,0,0,0,0,0,0,0,0,0,0,0,0,0,0,41,559,748,1,1,10,4,0
15,7,1,1,0,0,0,0,0,0,0,0,0,1,0,0,0,0,0,0,0,0,0,0,0,0,152,305,367,1,1,10,4,0
15,2,1,0,0,0,0,0,1,1,0,1,0,0,0,0,0,0,0,0,0,0,0,0,0,0,2,2,1855,1,1,10,4,0
15,23,1,0,0,0,0,0,0,0,1,0,0,1,0,0,0,0,0,0,1,0,0,0,0,0,150,234,398,2,2,-1,4,0
15,1,1,0,0,0,0,0,1,0,1,0,0,0,0,0,0,0,0,1,0,0,0,0,0,0,7,7,7,1,1,10,4,0
15,3,1,1,0,0,0,0,0,0,1,0,0,0,0,0,0,0,0,0,0,0,0,0,0,0,2,2,1403,1,1,9,4,0
15,1,1,0,0,0,0,0,1,0,1,0,0,0,0,0,0,0,0,1,0,0,0,0,0,0,71,91,99,1,1,10,4,0
15,2,1,0,0,0,0,0,1,1,0,1,0,0,0,0,0,0,0,0,0,0,0,0,0,0,127,188,215,2,2,4,4,0
15,2,1,0,0,0,0,0,1,1,0,1,0,0,0,0,0,0,0,0,0,0,0,0,0,0,43,51,1543,1,1,9,5,0
15,2,1,0,0,0,0,0,1,1,0,1,0,0,0,0,0,0,0,0,0,0,0,0,0,0,168,308,370,1,1,10,4,0
15,2,1,0,0,0,0,0,1,1,0,1,0,0,0,0,0,0,0,0,0,0,0,0,0,0,37,40,43,2,2,-1,4,0
15,27,1,1,1,0,1,0,1,1,1,1,0,1,0,1,0,1,1,1,1,1,0,0,0,0,188,473,622,1,1,9,5,0
15,21,1,1,0,0,0,0,0,1,0,0,0,1,0,0,0,0,1,0,1,0,0,0,0,0,66,85,93,2,2,-1,4,0
15,2,1,0,0,0,0,0,1,1,0,1,0,0,0,0,0,0,0,0,0,0,0,0,0,0,8,8,20,2,2,-1,4,0
15,2,1,0,0,0,0,0,1,1,0,1,0,0,0,0,0,0,0,0,0,0,0,0,0,0,152,305,367,1,1,10,4,0
15,2,1,0,0,0,0,0,1,1,0,1,0,0,0,0,0,0,0,0,0,0,0,0,0,0,24,24,1249,1,1,10,4,0
15,5,1,0,0,0,0,0,1,0,0,0,0,0,0,0,0,0,1,0,0,0,0,0,0,0,137,397,1555,1,1,10,5,0
15,2,1,0,0,0,0,0,1,1,0,1,0,0,0,0,0,0,0,0,0,0,0,0,0,0,147,360,452,1,1,10,4,1
15,1,1,0,0,0,0,0,1,0,1,0,0,0,0,0,0,0,0,1,0,0,0,0,0,0,69,88,96,1,1,10,4,0
15,2,1,0,0,0,0,0,1,1,0,1,0,0,0,0,0,0,0,0,0,0,0,0,0,0,144,219,254,1,1,10,4,0
15,1,1,0,0,0,0,0,1,0,1,0,0,0,0,0,0,0,0,1,0,0,0,0,0,0,40,558,746,1,1,10,4,0
15,13,1,1,0,0,0,0,0,0,1,0,0,0,0,0,0,0,0,0,1,1,0,0,0,0,111,155,243,1,1,10,4,0
15,2,1,0,0,0,0,0,1,1,0,1,0,0,0,0,0,0,0,0,0,0,0,0,0,0,7,7,7,1,1,10,4,1
15,3,1,1,0,0,0,0,0,0,1,0,0,0,0,0,0,0,0,0,0,0,0,0,0,0,34,36,37,1,1,10,4,0
15,2,1,0,0,0,0,0,1,1,0,1,0,0,0,0,0,0,0,0,0,0,0,0,0,0,199,578,893,1,1,10,4,0
15,2,1,0,0,0,0,0,1,1,0,1,0,0,0,0,0,0,0,0,0,0,0,0,0,0,2,2,842,1,1,10,4,0
15,1,1,0,0,0,0,0,1,0,1,0,0,0,0,0,0,0,0,1,0,0,0,0,0,0,163,288,450,1,1,10,5,0
15,1,1,0,0,0,0,0,1,0,1,0,0,0,0,0,0,0,0,1,0,0,0,0,0,0,58,72,689,1,1,10,4,0
15,2,1,0,0,0,0,0,1,1,0,1,0,0,0,0,0,0,0,0,0,0,0,0,0,0,68,162,182,2,2,-1,4,0
15,1,1,0,0,0,0,0,1,0,1,0,0,0,0,0,0,0,0,1,0,0,0,0,0,0,50,60,65,1,1,10,4,0
15,2,1,0,0,0,0,0,1,1,0,1,0,0,0,0,0,0,0,0,0,0,0,0,0,0,46,55,59,1,1,10,4,0
15,2,1,0,0,0,0,0,1,1,0,1,0,0,0,0,0,0,0,0,0,0,0,0,0,0,80,611,1528,1,1,10,4,0
15,5,1,0,0,0,0,0,1,0,0,0,0,0,0,0,0,0,1,0,0,0,0,0,0,0,34,48,1172,1,1,10,5,0
15,3,1,1,0,0,0,0,0,0,1,0,0,0,0,0,0,0,0,0,0,0,0,0,0,0,52,62,67,2,2,5,5,0
15,13,1,1,0,0,0,0,0,0,1,0,0,0,0,0,0,0,0,0,1,1,0,0,0,0,18,800,1769,1,1,10,4,0
15,6,1,1,0,0,0,0,0,0,0,0,0,1,0,0,0,0,0,0,0,0,0,0,0,0,148,226,265,1,1,10,5,0
15,1,1,0,0,0,0,0,1,0,1,0,0,0,0,0,0,0,0,1,0,0,0,0,0,0,104,142,933,1,1,10,4,0
15,1,1,0,0,0,0,0,1,0,1,0,0,0,0,0,0,0,0,1,0,0,0,0,0,0,8,8,1662,1,1,10,4,0
15,2,1,0,0,0,0,0,1,1,0,1,0,0,0,0,0,0,0,0,0,0,0,0,0,0,21,21,360,1,1,10,4,0
15,2,1,0,0,0,0,0,1,1,0,1,0,0,0,0,0,0,0,0,0,0,0,0,0,0,23,590,800,1,1,10,4,0
15,2,1,0,0,0,0,0,1,1,0,1,0,0,0,0,0,0,0,0,0,0,0,0,0,0,152,543,725,1,1,10,4,0
15,2,1,0,0,0,0,0,1,1,0,1,0,0,0,0,0,0,0,0,0,0,0,0,0,0,151,235,679,1,1,10,4,1
15,2,1,0,0,0,0,0,1,1,0,1,0,0,0,0,0,0,0,0,0,0,0,0,0,0,94,124,204,1,1,10,4,0
15,2,1,0,0,0,0,0,1,1,0,1,0,0,0,0,0,0,0,0,0,0,0,0,0,0,185,420,541,1,1,10,4,0
15,1,1,0,0,0,0,0,1,0,1,0,0,0,0,0,0,0,0,1,0,0,0,0,0,0,96,577,773,1,1,10,4,1
15,2,1,0,0,0,0,0,1,1,0,1,0,0,0,0,0,0,0,0,0,0,0,0,0,0,207,632,873,1,1,10,5,0
15,2,1,0,0,0,0,0,1,1,0,1,0,0,0,0,0,0,0,0,0,0,0,0,0,0,94,124,929,1,1,10,4,0
15,2,1,0,0,0,0,0,1,1,0,1,0,0,0,0,0,0,0,0,0,0,0,0,0,0,122,624,857,1,1,9,4,1
15,13,1,1,0,0,0,0,0,0,1,0,0,0,0,0,0,0,0,0,1,1,0,0,0,0,102,138,149,1,1,10,4,0
15,2,1,0,0,0,0,0,1,1,0,1,0,0,0,0,0,0,0,0,0,0,0,0,0,0,152,244,285,1,1,10,4,0
15,2,1,0,0,0,0,0,1,1,0,1,0,0,0,0,0,0,0,0,0,0,0,0,0,0,76,322,395,1,1,10,4,1
15,3,1,1,0,0,0,0,0,0,1,0,0,0,0,0,0,0,0,0,0,0,0,0,0,0,51,424,545,1,1,10,4,0
15,2,1,0,0,0,0,0,1,1,0,1,0,0,0,0,0,0,0,0,0,0,0,0,0,0,132,393,499,1,1,10,4,0
15,21,1,1,0,0,0,0,0,1,0,0,0,1,0,0,0,0,1,0,1,0,0,0,0,0,74,94,102,2,2,-1,4,0
15,4,1,1,0,0,0,0,0,0,1,0,0,0,0,0,0,0,0,0,0,0,0,0,0,0,40,131,142,1,1,10,5,0
15,2,1,0,0,0,0,0,1,1,0,1,0,0,0,0,0,0,0,0,0,0,0,0,0,0,52,748,1477,1,1,10,4,0
15,6,1,1,0,0,0,0,0,0,0,0,0,1,0,0,0,0,0,0,0,0,0,0,0,0,104,142,157,1,1,10,4,0
15,7,1,1,0,0,0,0,0,0,0,0,0,1,0,0,0,0,0,0,0,0,0,0,0,0,73,93,101,1,1,9,4,0
15,1,1,0,0,0,0,0,1,0,1,0,0,0,0,0,0,0,0,1,0,0,0,0,0,0,99,233,272,1,1,10,4,0
15,2,1,0,0,0,0,0,1,1,0,1,0,0,0,0,0,0,0,0,0,0,0,0,0,0,131,575,425,2,2,6,4,0
15,1,1,0,0,0,0,0,1,0,1,0,0,0,0,0,0,0,0,1,0,0,0,0,0,0,32,1045,1540,1,1,10,4,0
15,13,1,1,0,0,0,0,0,0,1,0,0,0,0,0,0,0,0,0,1,1,0,0,0,0,163,288,450,1,1,10,4,0
15,2,1,0,0,0,0,0,1,1,0,1,0,0,0,0,0,0,0,0,0,0,0,0,0,0,194,1360,1894,1,1,10,4,0
15,3,1,1,0,0,0,0,0,0,1,0,0,0,0,0,0,0,0,0,0,0,0,0,0,0,57,472,621,1,1,10,4,0
15,2,1,0,0,0,0,0,1,1,0,1,0,0,0,0,0,0,0,0,0,0,0,0,0,0,117,657,912,1,1,10,5,0
15,2,1,0,0,0,0,0,1,1,0,1,0,0,0,0,0,0,0,0,0,0,0,0,0,0,-1,-1,-1,1,1,10,4,1
15,6,1,1,0,0,0,0,0,0,0,0,0,1,0,0,0,0,0,0,0,0,0,0,0,0,120,279,333,2,2,-1,4,0
15,1,1,0,0,0,0,0,1,0,1,0,0,0,0,0,0,0,0,1,0,0,0,0,0,0,57,368,464,1,1,10,4,0
15,2,1,0,0,0,0,0,1,1,0,1,0,0,0,0,0,0,0,0,0,0,0,0,0,0,171,327,404,2,2,6,4,0
15,2,1,0,0,0,0,0,1,1,0,1,0,0,0,0,0,0,0,0,0,0,0,0,0,0,33,47,50,1,1,10,4,0
15,13,1,1,0,0,0,0,0,0,1,0,0,0,0,0,0,0,0,0,1,1,0,0,0,0,44,52,56,1,1,10,4,0
15,4,1,1,0,0,0,0,0,0,1,0,0,1,0,0,0,0,0,0,0,1,0,0,0,0,188,473,622,1,1,10,4,0
15,2,1,0,0,0,0,0,1,1,0,1,0,0,0,0,0,0,0,0,0,0,0,0,0,0,139,450,587,1,1,10,5,0
15,1,1,0,0,0,0,0,1,0,1,0,0,0,0,0,0,0,0,1,0,0,0,0,0,0,67,86,94,1,1,10,4,0
15,2,1,0,0,0,0,0,1,1,0,1,0,0,0,0,0,0,0,0,0,0,0,0,0,0,53,63,68,2,2,-1,4,0
15,1,1,0,0,0,0,0,1,0,1,0,0,0,0,0,0,0,0,1,0,0,0,0,0,0,6,79,86,1,1,10,4,0
15,3,1,1,0,0,0,0,0,0,1,0,0,0,0,0,0,0,0,0,0,0,0,0,0,0,4,252,298,2,2,5,5,0
15,1,1,0,0,0,0,0,1,0,1,0,0,0,0,0,0,0,0,1,0,0,0,0,0,0,16,16,671,1,1,10,4,0
15,7,1,1,0,0,0,0,0,0,0,0,0,1,0,0,0,0,0,0,0,0,0,0,0,0,4,66,1417,1,1,10,4,0
15,2,1,0,0,0,0,0,1,1,0,1,0,0,0,0,0,0,0,0,0,0,0,0,0,0,113,749,1071,1,1,10,5,0
15,3,1,1,0,0,0,0,0,0,1,0,0,0,0,0,0,0,0,0,0,0,0,0,0,0,3,370,468,2,2,6,4,0
15,1,1,0,0,0,0,0,1,0,1,0,0,0,0,0,0,0,0,1,0,0,0,0,0,0,85,223,262,1,1,10,4,0
15,23,1,0,0,0,0,0,0,0,1,0,0,1,0,0,0,0,0,0,1,0,0,0,0,0,70,164,184,1,1,10,4,0
15,3,1,1,0,0,0,0,0,0,1,0,0,0,0,0,0,0,0,0,0,0,0,0,0,0,26,27,28,2,2,4,5,0
15,3,1,1,0,0,0,0,0,0,1,0,0,0,0,0,0,0,0,0,0,0,0,0,0,0,52,648,900,2,2,5,4,0
15,1,1,0,0,0,0,0,1,0,1,0,0,0,0,0,0,0,0,1,0,0,0,0,0,0,28,30,31,1,1,10,4,0
15,6,1,1,0,0,0,0,0,0,0,0,0,1,0,0,0,0,0,0,0,0,0,0,0,0,36,39,1082,1,1,8,4,0
15,1,1,0,0,0,0,0,1,0,1,0,0,0,0,0,0,0,0,1,0,0,0,0,0,0,148,226,441,2,2,-1,4,0
15,3,1,1,0,0,0,0,0,0,1,0,0,0,0,0,0,0,0,0,0,0,0,0,0,0,7,7,7,2,2,4,5,0
15,1,1,0,0,0,0,0,1,0,1,0,0,0,0,0,0,0,0,1,0,0,0,0,0,0,52,62,67,1,1,10,4,0
15,2,1,0,0,0,0,0,1,1,0,1,0,0,0,0,0,0,0,0,0,0,0,0,0,0,36,39,42,1,1,10,4,1
15,3,1,1,0,0,0,0,0,0,1,0,0,0,0,0,0,0,0,0,0,0,0,0,0,0,35,37,38,1,1,10,4,0
15,1,1,0,0,0,0,0,1,0,1,0,0,0,0,0,0,0,0,1,0,0,0,0,0,0,98,281,335,1,1,10,4,0
15,3,1,1,0,0,0,0,0,0,1,0,0,0,0,0,0,0,0,0,0,0,0,0,0,0,8,8,1374,2,2,6,4,0
15,2,1,0,0,0,0,0,1,1,0,1,0,0,0,0,0,0,0,0,0,0,0,0,0,0,91,120,130,1,1,-1,4,0
15,2,1,0,0,0,0,0,1,1,0,1,0,0,0,0,0,0,0,0,0,0,0,0,0,0,191,622,851,1,1,10,4,0
15,2,1,0,0,0,0,0,1,1,0,1,0,0,0,0,0,0,0,0,0,0,0,0,0,0,56,614,839,1,1,10,4,0
15,2,1,0,0,0,0,0,1,1,0,1,0,0,0,0,0,0,0,0,0,0,0,0,0,0,3,1017,1503,1,1,10,4,0
15,1,1,0,0,0,0,0,1,0,1,0,0,0,0,0,0,0,0,1,0,0,0,0,0,0,-1,-1,-1,1,1,10,4,1
15,1,1,0,0,0,0,0,1,0,1,0,0,0,0,0,0,0,0,1,0,0,0,0,0,0,90,1039,1531,1,1,10,4,0
15,2,1,0,0,0,0,0,1,1,0,1,0,0,0,0,0,0,0,0,0,0,0,0,0,0,60,1115,1635,1,1,10,4,0
15,1,1,0,0,0,0,0,1,0,1,0,0,0,0,0,0,0,0,1,0,0,0,0,0,0,29,391,497,1,1,10,4,0
15,2,1,0,0,0,0,0,1,1,0,1,0,0,0,0,0,0,0,0,0,0,0,0,0,0,198,576,771,1,1,10,4,0
15,2,1,0,0,0,0,0,1,1,0,1,0,0,0,0,0,0,0,0,0,0,0,0,0,0,160,277,330,2,2,6,4,0
15,1,1,0,0,0,0,0,1,0,1,0,0,0,0,0,0,0,0,1,0,0,0,0,0,0,3,528,700,1,1,10,4,0
15,7,1,1,0,0,0,0,0,0,0,0,0,1,0,0,0,0,0,0,0,0,0,0,0,0,167,446,580,1,1,10,4,0
15,5,1,0,0,0,0,0,1,0,0,0,0,0,0,0,0,0,1,0,0,0,0,0,0,0,23,242,283,1,1,10,4,0
15,2,1,0,0,0,0,0,1,1,0,1,0,0,0,0,0,0,0,0,0,0,0,0,0,0,183,405,597,1,1,10,4,0
15,1,1,0,0,0,0,0,1,0,1,0,0,0,0,0,0,0,0,1,0,0,0,0,0,0,154,253,299,1,1,10,4,0
15,16,1,1,0,0,0,0,1,0,1,1,0,0,0,0,0,0,0,0,0,0,0,0,0,0,98,348,1574,1,1,10,4,0
17,6,1,1,0,0,0,0,0,0,0,0,0,1,0,0,0,0,0,0,0,0,0,0,0,0,88,116,126,1,1,10,4,0
17,23,1,0,0,0,0,0,0,0,1,0,0,1,0,0,0,0,0,0,1,0,0,0,0,0,174,337,416,1,1,10,4,0
17,2,1,0,0,0,0,0,1,1,0,1,0,0,0,0,0,0,0,0,0,0,0,0,0,0,18,877,1271,1,1,10,4,0
17,1,1,0,0,0,0,0,1,0,1,0,0,0,0,0,0,0,0,1,0,0,0,0,0,0,158,272,322,2,2,6,4,0
17,3,1,1,0,0,0,0,0,0,1,0,0,0,0,0,0,0,0,0,0,0,0,0,0,0,114,158,177,1,1,10,4,0
17,23,1,0,0,0,0,0,0,0,1,0,0,1,0,0,0,0,0,0,1,0,0,0,0,0,68,690,966,1,1,10,4,0
17,2,1,0,0,0,0,0,1,1,0,1,0,0,0,0,0,0,0,0,0,0,0,0,0,0,122,434,555,1,1,10,4,1
17,7,1,1,0,0,0,0,0,0,0,0,0,1,0,0,0,0,0,0,0,0,0,0,0,0,148,226,397,1,1,-1,4,0
17,2,1,0,0,0,0,0,1,1,0,1,0,0,0,0,0,0,0,0,0,0,0,0,0,0,33,258,308,1,1,10,4,0
17,8,1,1,0,0,0,0,0,0,1,0,0,0,0,0,0,0,0,0,0,0,0,0,0,0,40,131,142,1,1,10,5,1
17,2,1,0,0,0,0,0,1,1,0,1,0,0,0,0,0,0,0,0,0,0,0,0,0,0,89,118,213,1,1,10,4,0
17,2,1,0,0,0,0,0,1,1,0,1,0,0,0,0,0,0,0,0,0,0,0,0,0,0,193,1240,1776,1,1,10,4,0
17,3,1,1,0,0,0,0,0,0,1,0,0,0,0,0,0,0,0,0,0,0,0,0,0,0,17,17,54,2,2,6,4,0
17,2,1,0,0,0,0,0,1,1,0,1,0,0,0,0,0,0,0,0,0,0,0,0,0,0,199,578,893,1,1,10,4,0
17,2,1,0,0,0,0,0,1,1,0,1,0,0,0,0,0,0,0,0,0,0,0,0,0,0,125,506,665,1,1,10,4,0
17,2,1,0,0,0,0,0,1,1,0,1,0,0,0,0,0,0,0,0,0,0,0,0,0,0,33,81,88,1,1,10,4,0
17,3,1,1,0,0,0,0,0,0,1,0,0,0,0,0,0,0,0,0,0,0,0,0,0,0,82,262,312,2,2,-1,4,0
17,1,1,0,0,0,0,0,1,0,1,0,0,0,0,0,0,0,0,1,0,0,0,0,0,0,173,331,408,1,1,10,4,0
17,2,1,0,0,0,0,0,1,1,0,1,0,0,0,0,0,0,0,0,0,0,0,0,0,0,168,308,1482,2,2,-1,4,0
17,13,1,1,0,0,0,0,0,0,1,0,0,0,0,0,0,0,0,0,1,1,0,0,0,0,162,282,1917,1,1,10,4,0
17,4,1,1,0,0,0,0,0,0,1,0,0,0,0,0,0,0,0,0,0,0,0,0,0,0,-1,-1,-1,1,1,10,4,0
17,11,1,1,0,0,0,0,0,0,1,0,0,0,0,0,0,0,0,1,0,0,0,0,0,0,31,33,34,1,1,10,5,0
17,2,1,0,0,0,0,0,1,1,0,1,0,0,0,0,0,0,0,0,0,0,0,0,0,0,173,331,408,2,2,5,4,0
17,2,1,0,0,0,0,0,1,1,0,1,0,0,0,0,0,0,0,0,0,0,0,0,0,0,156,264,314,1,1,10,5,0
17,2,1,0,0,0,0,0,1,1,0,1,0,0,0,0,0,0,0,0,0,0,0,0,0,0,107,149,168,1,1,10,4,0
17,2,1,0,0,0,0,0,1,1,0,1,0,0,0,0,0,0,0,0,0,0,0,0,0,0,20,20,21,1,1,10,4,0
17,2,1,0,0,0,0,0,1,1,0,1,0,0,0,0,0,0,0,0,0,0,0,0,0,0,6,392,1920,1,1,10,4,0
17,2,1,0,0,0,0,0,1,1,0,1,0,0,0,0,0,0,0,0,0,0,0,0,0,0,-1,-1,-1,2,2,-1,4,0
17,2,1,0,0,0,0,0,1,1,0,1,0,0,0,0,0,0,0,0,0,0,0,0,0,0,131,575,860,1,1,10,4,1
17,2,1,0,0,0,0,0,1,1,0,1,0,0,0,0,0,0,0,0,0,0,0,0,0,0,90,430,518,1,1,10,4,0
17,8,1,1,0,0,0,0,0,0,1,0,0,0,0,0,0,0,0,0,0,0,0,0,0,0,15,15,39,2,2,4,5,0
17,2,1,0,0,0,0,0,1,1,0,1,0,0,0,0,0,0,0,0,0,0,0,0,0,0,112,213,246,1,1,10,4,0
17,2,1,0,0,0,0,0,1,1,0,1,0,0,0,0,0,0,0,0,0,0,0,0,0,0,60,874,1266,1,1,10,4,0
17,3,1,1,0,0,0,0,0,0,1,0,0,0,0,0,0,0,0,0,0,0,0,0,0,0,68,87,95,1,1,10,4,0
17,1,1,0,0,0,0,0,1,0,1,0,0,0,0,0,0,0,0,1,0,0,0,0,0,0,185,656,910,1,1,10,4,0
17,2,1,0,0,0,0,0,1,1,0,1,0,0,0,0,0,0,0,0,0,0,0,0,0,0,72,708,991,1,1,10,4,0
17,3,1,1,0,0,0,0,0,0,1,0,0,0,0,0,0,0,0,0,0,0,0,0,0,0,116,1001,1474,1,1,10,4,0
17,2,1,0,0,0,0,0,1,1,0,1,0,0,0,0,0,0,0,0,0,0,0,0,0,0,176,340,419,1,1,10,4,0
17,21,1,1,0,0,0,0,1,1,1,0,0,1,0,0,0,0,1,0,0,0,0,0,0,0,142,1141,1664,1,1,10,5,0
17,2,1,0,0,0,0,0,1,1,0,1,0,0,0,0,0,0,0,0,0,0,0,0,0,0,153,247,288,1,1,10,4,0
17,3,1,1,0,0,0,0,0,0,1,0,0,0,0,0,0,0,0,0,0,0,0,0,0,0,152,751,1077,2,2,5,4,0
17,2,1,0,0,0,0,0,1,1,0,1,0,0,0,0,0,0,0,0,0,0,0,0,0,0,54,369,465,1,1,10,5,0
17,3,1,1,0,0,0,0,0,0,1,0,0,0,0,0,0,0,0,0,0,0,0,0,0,0,4,66,71,1,1,10,4,0
17,23,1,0,0,0,0,0,0,0,1,0,0,1,0,0,0,0,0,0,1,0,0,0,0,0,50,60,65,1,1,10,4,0
17,5,1,0,0,0,0,0,1,0,0,0,0,0,0,0,0,0,1,0,0,0,0,0,0,0,143,217,252,1,1,10,5,0
17,6,1,1,0,0,0,0,0,0,0,0,0,1,0,0,0,0,0,0,0,0,0,0,0,0,22,22,23,1,1,10,4,0
17,2,1,0,0,0,0,0,1,1,0,1,0,0,0,0,0,0,0,0,0,0,0,0,0,0,18,78,712,1,1,10,5,0
17,2,1,0,0,0,0,0,1,1,0,1,0,0,0,0,0,0,0,0,0,0,0,0,0,0,40,218,253,1,1,10,4,0
17,2,1,0,0,0,0,0,1,1,0,1,0,0,0,0,0,0,0,0,0,0,0,0,0,0,109,870,1282,1,1,10,4,0
17,19,1,1,0,0,0,0,0,0,1,0,0,0,0,0,0,0,0,0,0,0,0,0,0,0,1,1,1,1,1,10,4,0
17,13,1,1,0,0,0,0,0,0,1,0,0,0,0,0,0,0,0,0,1,1,0,0,0,0,141,399,509,1,1,10,4,1
17,7,1,1,0,0,0,0,0,0,0,0,0,1,0,0,0,0,0,0,0,0,0,0,0,0,15,15,205,1,1,10,4,0
17,7,1,1,0,0,0,0,0,0,0,0,0,1,0,0,0,0,0,0,0,0,0,0,0,0,36,39,1629,1,1,10,4,0
17,2,1,0,0,0,0,0,1,1,0,1,0,0,0,0,0,0,0,0,0,0,0,0,0,0,75,347,427,1,1,10,4,0
17,2,1,0,0,0,0,0,1,1,0,1,0,0,0,0,0,0,0,0,0,0,0,0,0,0,31,33,559,1,1,10,4,0
17,6,1,1,0,0,0,0,0,0,0,0,0,1,0,0,0,0,0,0,0,0,0,0,0,0,171,433,554,1,1,10,4,0
17,6,1,1,0,0,0,0,0,0,0,0,0,1,0,0,0,0,0,0,0,0,0,0,0,0,41,761,1345,1,1,10,4,0
17,3,1,1,0,0,0,0,0,0,1,0,0,0,0,0,0,0,0,0,0,0,0,0,0,0,14,256,461,2,2,5,4,0
17,2,1,0,0,0,0,0,1,1,0,1,0,0,0,0,0,0,0,0,0,0,0,0,0,0,32,990,1460,1,1,9,5,0
17,13,1,1,0,0,0,0,0,0,1,0,0,0,0,0,0,0,0,0,1,1,0,0,0,0,4,438,1444,1,1,10,4,0
17,1,1,0,0,0,0,0,1,0,1,0,0,0,0,0,0,0,0,1,0,0,0,0,0,0,7,7,7,1,1,9,4,0
17,6,1,1,0,0,0,0,0,0,0,0,0,1,0,0,0,0,0,0,0,0,0,0,0,0,91,778,1120,1,1,10,4,0
17,23,1,0,0,0,0,0,0,0,1,0,0,1,0,0,0,0,0,0,1,0,0,0,0,0,70,164,184,2,2,5,4,0
17,5,1,0,0,0,0,0,1,0,0,0,0,0,0,0,0,0,1,0,0,0,0,0,0,0,75,1134,1656,2,2,6,4,0
8,46,1,0,0,0,0,0,0,0,0,0,0,1,0,0,0,0,1,0,0,0,0,0,0,0,167,446,580,1,1,10,5,0
8,49,1,1,0,0,0,0,0,0,0,0,0,0,0,0,0,0,0,0,0,0,0,0,0,0,100,306,1511,1,1,10,4,0
8,58,1,1,1,0,0,0,0,0,0,0,0,1,0,0,0,0,0,0,0,1,0,0,0,0,83,171,192,1,1,10,4,0
8,46,1,1,0,0,0,0,0,0,0,0,0,1,0,0,0,0,1,0,0,0,0,0,0,0,94,124,135,1,1,7,5,0
8,53,1,0,0,0,0,0,1,1,0,0,0,0,0,0,0,0,0,0,0,0,0,0,0,0,-1,-1,-1,1,1,8,4,1
8,46,1,1,0,0,0,0,0,0,0,0,0,1,0,0,0,0,1,0,0,0,0,0,0,0,-1,-1,-1,1,1,10,5,0
8,58,1,1,1,0,0,0,0,0,0,0,0,1,0,0,0,0,0,0,0,1,0,0,0,0,23,23,209,1,1,10,4,1
8,46,1,1,0,0,0,0,0,0,0,0,0,1,0,0,0,0,1,0,0,0,0,0,0,0,101,136,147,1,1,10,5,0
8,46,1,1,0,0,0,0,0,0,0,0,0,1,0,0,0,0,1,0,0,0,0,0,0,0,50,60,1449,1,1,10,5,0
8,47,1,1,0,0,0,0,0,0,0,0,0,0,0,0,0,0,0,0,0,0,0,0,0,0,14,260,310,2,2,5,4,0
8,47,1,1,0,0,0,0,0,0,0,0,0,0,0,0,0,0,0,0,0,0,0,0,0,0,6,84,92,2,2,6,4,0
8,2,1,0,0,0,0,0,1,1,0,1,0,0,0,0,0,0,0,0,0,0,0,0,0,0,46,55,930,1,1,10,4,0
8,47,1,1,0,0,0,0,0,0,0,0,0,0,0,0,0,0,0,0,0,0,0,0,0,0,67,216,250,1,1,10,4,0
8,2,1,0,0,0,0,0,1,1,0,1,0,0,0,0,0,0,0,0,0,0,0,0,0,0,141,212,256,1,1,10,4,0
8,46,1,1,0,0,0,0,0,0,0,0,0,1,0,0,0,0,1,0,0,0,0,0,0,0,98,1020,1508,1,1,10,5,0
8,46,1,1,0,0,0,0,0,0,0,0,0,1,0,0,0,0,1,0,0,0,0,0,0,0,167,359,447,1,1,10,5,0
8,74,1,0,0,0,0,0,0,0,1,0,0,0,0,0,0,0,0,0,0,0,0,0,0,0,99,310,374,1,1,10,5,0
8,75,1,1,0,0,0,0,0,0,0,0,0,0,0,0,0,0,0,0,0,0,0,0,0,0,6,618,844,1,1,10,4,0
8,46,1,1,0,0,0,0,0,0,0,0,0,1,0,0,0,0,1,0,0,0,0,0,0,0,97,127,138,1,1,10,5,0
8,3,1,1,0,0,0,0,0,0,1,0,0,0,0,0,0,0,0,0,0,0,0,0,0,0,151,235,274,2,2,-1,4,0
8,1,1,0,0,0,0,0,1,0,1,0,0,0,0,0,0,0,0,1,0,0,0,0,0,0,7,7,7,1,1,10,4,0
8,50,1,1,0,0,0,0,0,0,0,0,0,0,0,0,0,0,0,0,0,0,0,0,0,0,148,226,441,2,2,-1,4,0
8,2,1,0,0,0,0,0,1,1,0,1,0,0,0,0,0,0,0,0,0,0,0,0,0,0,96,577,773,1,1,10,4,0
8,2,1,0,0,0,0,0,1,1,0,1,0,0,0,0,0,0,0,0,0,0,0,0,0,0,159,688,963,1,1,10,4,0
8,1,1,0,0,0,0,0,1,0,1,0,0,0,0,0,0,0,0,1,0,0,0,0,0,0,14,440,898,1,1,10,4,0
8,2,1,0,0,0,0,0,1,1,0,1,0,0,0,0,0,0,0,0,0,0,0,0,0,0,177,703,982,1,1,10,4,0
8,3,1,1,0,0,0,0,0,0,1,0,0,0,0,0,0,0,0,0,0,0,0,0,0,0,58,72,78,2,2,4,4,0
8,2,1,0,0,0,0,0,1,1,0,1,0,0,0,0,0,0,0,0,0,0,0,0,0,0,73,93,101,1,1,10,4,0
8,1,1,0,0,0,0,0,1,0,1,0,0,0,0,0,0,0,0,1,0,0,0,0,0,0,2,2,735,1,1,10,4,0
8,8,1,1,0,0,0,0,0,0,1,0,0,0,0,0,0,0,0,0,0,0,0,0,0,0,103,141,156,2,2,4,5,0
8,8,1,1,0,0,0,0,0,0,1,0,0,0,0,0,0,0,0,0,0,0,0,0,0,0,85,223,262,1,1,9,5,0
8,2,1,0,0,0,0,0,1,1,0,1,0,0,0,0,0,0,0,0,0,0,0,0,0,0,98,286,339,1,1,10,4,0
8,2,1,0,0,0,0,0,1,1,0,1,0,0,0,0,0,0,0,0,0,0,0,0,0,0,2,2,1472,1,1,10,5,0
8,2,1,0,0,0,0,0,1,1,0,1,0,0,0,0,0,0,0,0,0,0,0,0,0,0,152,563,755,1,1,10,4,0
8,74,1,0,0,0,0,0,0,0,1,0,0,0,0,0,0,0,0,0,0,0,0,0,0,0,115,159,178,1,1,10,5,0
8,3,1,1,0,0,0,0,0,0,1,0,0,0,0,0,0,0,0,0,0,0,0,0,0,0,17,17,17,2,2,6,4,0
8,1,1,0,0,0,0,0,1,0,1,0,0,0,0,0,0,0,0,1,0,0,0,0,0,0,124,1053,1548,1,1,10,4,0
8,9,1,1,1,0,0,0,1,1,1,1,0,1,0,0,0,1,1,1,1,1,0,0,0,0,7,7,7,2,2,-1,4,0
8,1,1,0,0,0,0,0,1,0,1,0,0,0,0,0,0,0,0,1,0,0,0,0,0,0,73,106,1355,1,1,10,4,0
8,2,1,0,0,0,0,0,1,1,0,1,0,0,0,0,0,0,0,0,0,0,0,0,0,0,100,390,496,1,1,10,4,0
8,21,1,1,0,0,0,0,0,1,1,0,0,1,0,0,0,0,1,0,0,0,0,0,0,0,131,208,931,1,1,10,4,0
8,2,1,0,0,0,0,0,1,1,0,1,0,0,0,0,0,0,0,0,0,0,0,0,0,0,15,15,39,1,1,10,4,0
8,2,1,0,0,0,0,0,1,1,0,1,0,0,0,0,0,0,0,0,0,0,0,0,0,0,87,115,125,1,1,10,4,0
8,2,1,0,0,0,0,0,1,1,0,1,0,0,0,0,0,0,0,0,0,0,0,0,0,0,18,315,385,1,1,9,4,0
8,7,1,1,0,0,0,0,0,0,0,0,0,1,0,0,0,0,0,0,0,0,0,0,0,0,192,500,660,1,1,10,4,0
8,13,1,1,0,0,0,0,0,0,1,0,0,0,0,0,0,0,0,0,1,1,0,0,0,0,40,243,548,1,1,10,4,0
8,1,1,0,0,0,0,0,1,0,1,0,0,0,0,0,0,0,0,1,0,0,0,0,0,0,152,363,455,1,1,10,4,0
8,2,1,0,0,0,0,0,1,1,0,1,0,0,0,0,0,0,0,0,0,0,0,0,0,0,63,77,84,1,1,10,4,0
8,4,1,1,0,0,0,0,0,0,1,0,0,0,0,0,0,0,0,0,0,0,0,0,0,0,166,1187,1118,1,1,10,4,0
8,4,1,1,0,0,0,0,0,0,1,0,0,0,0,0,0,0,0,0,0,0,0,0,0,0,31,33,34,1,1,9,4,0
8,2,1,0,0,0,0,0,1,1,0,1,0,0,0,0,0,0,0,0,0,0,0,0,0,0,116,521,691,1,1,10,4,0
8,2,1,0,0,0,0,0,1,1,0,1,0,0,0,0,0,0,0,0,0,0,0,0,0,0,21,21,202,2,2,6,4,0
8,1,1,0,0,0,0,0,1,0,1,0,0,0,0,0,0,0,0,1,0,0,0,0,0,0,82,262,312,1,1,10,4,0
8,1,1,0,0,0,0,0,1,0,1,0,0,0,0,0,0,0,0,1,0,0,0,0,0,0,24,24,25,1,1,10,4,0
8,1,1,0,0,0,0,0,1,0,1,0,0,0,0,0,0,0,0,1,0,0,0,0,0,0,45,54,154,1,1,10,4,0
8,7,1,1,0,0,0,0,0,0,0,0,0,1,0,0,0,0,0,0,0,0,0,0,0,0,50,137,148,1,1,10,4,0
8,2,1,0,0,0,0,0,1,1,0,1,0,0,0,0,0,0,0,0,0,0,0,0,0,0,2,320,417,1,1,10,4,0
8,2,1,0,0,0,0,0,1,1,0,1,0,0,0,0,0,0,0,0,0,0,0,0,0,0,-1,-1,-1,1,1,9,4,0
8,2,1,0,0,0,0,0,1,1,0,1,0,0,0,0,0,0,0,0,0,0,0,0,0,0,131,208,238,1,1,10,4,0
8,2,1,0,0,0,0,0,1,1,0,1,0,0,0,0,0,0,0,0,0,0,0,0,0,0,26,27,475,1,1,10,5,0
8,2,1,0,0,0,0,0,1,1,0,1,0,0,0,0,0,0,0,0,0,0,0,0,0,0,5,428,889,1,1,10,4,0
8,1,1,0,0,0,0,0,1,0,1,0,0,0,0,0,0,0,0,1,0,0,0,0,0,0,180,394,500,1,1,10,4,0
8,1,1,0,0,0,0,0,1,0,1,0,0,0,0,0,0,0,0,1,0,0,0,0,0,0,69,88,96,1,1,10,4,1
8,1,1,0,0,0,0,0,1,0,1,0,0,0,0,0,0,0,0,1,0,0,0,0,0,0,23,46,1026,1,1,10,4,0
8,1,1,0,0,0,0,0,1,0,1,0,0,0,0,0,0,0,0,1,0,0,0,0,0,0,144,349,429,1,1,10,4,0
8,1,1,0,0,0,0,0,1,0,1,0,0,0,0,0,0,0,0,1,0,0,0,0,0,0,127,188,215,1,1,10,4,1
8,2,1,0,0,0,0,0,1,1,0,1,0,0,0,0,0,0,0,0,0,0,0,0,0,0,107,647,899,1,1,10,4,0
8,3,1,1,0,0,0,0,0,0,1,0,0,0,0,0,0,0,0,0,0,0,0,0,0,0,119,209,240,2,2,6,4,0
8,3,1,1,0,0,0,0,0,0,1,0,0,0,0,0,0,0,0,0,0,0,0,0,0,0,32,923,1350,1,1,9,4,0
8,2,1,0,0,0,0,0,1,1,0,1,0,0,0,0,0,0,0,0,0,0,0,0,0,0,33,470,618,1,1,10,4,0
8,2,1,0,0,0,0,0,1,1,0,1,0,0,0,0,0,0,0,0,0,0,0,0,0,0,134,200,228,1,1,10,4,0
8,8,1,1,0,0,0,0,0,0,1,0,0,0,0,0,0,0,0,0,0,0,0,0,0,0,65,83,91,1,1,10,5,0
8,2,1,0,0,0,0,0,1,1,0,1,0,0,0,0,0,0,0,0,0,0,0,0,0,0,192,742,1057,1,1,10,4,1
8,2,1,0,0,0,0,0,1,1,0,1,0,0,0,0,0,0,0,0,0,0,0,0,0,0,92,456,594,1,1,10,4,0
8,3,1,1,0,0,0,0,0,0,1,0,0,0,0,0,0,0,0,0,0,0,0,0,0,0,14,903,1315,1,1,9,4,0
8,2,1,0,0,0,0,0,1,1,0,1,0,0,0,0,0,0,0,0,0,0,0,0,0,0,12,128,139,1,1,9,4,0
8,2,1,0,0,0,0,0,1,1,0,1,0,0,0,0,0,0,0,0,0,0,0,0,0,0,23,23,1162,1,1,10,4,0
8,2,1,0,0,0,0,0,1,1,0,1,0,0,0,0,0,0,0,0,0,0,0,0,0,0,192,742,1057,1,1,9,4,0
8,2,1,0,0,0,0,0,1,1,0,1,0,0,0,0,0,0,0,0,0,0,0,0,0,0,68,879,917,1,1,10,4,1
8,2,1,0,0,0,0,0,1,1,0,1,0,0,0,0,0,0,0,0,0,0,0,0,0,0,76,97,181,1,1,10,4,0
8,1,1,0,0,0,0,0,1,0,1,0,0,0,0,0,0,0,0,1,0,0,0,0,0,0,33,1363,911,1,1,10,4,0
8,1,1,0,0,0,0,0,1,0,1,0,0,0,0,0,0,0,0,1,0,0,0,0,0,0,7,7,7,2,2,-1,4,0
8,1,1,0,0,0,0,0,1,0,1,0,0,0,0,0,0,0,0,1,0,0,0,0,0,0,98,775,1117,1,1,10,4,0
8,2,1,0,0,0,0,0,1,1,0,1,0,0,0,0,0,0,0,0,0,0,0,0,0,0,103,319,1230,1,1,10,4,0
8,2,1,0,0,0,0,0,1,1,0,1,0,0,0,0,0,0,0,0,0,0,0,0,0,0,131,575,425,1,1,10,4,0
8,2,1,0,0,0,0,0,1,1,0,1,0,0,0,0,0,0,0,0,0,0,0,0,0,0,92,787,1138,1,1,10,4,0
8,3,1,1,0,0,0,0,0,0,1,0,0,0,0,0,0,0,0,0,0,0,0,0,0,0,52,531,706,1,1,10,4,0
8,2,1,0,0,0,0,0,1,1,0,1,0,0,0,0,0,0,0,0,0,0,0,0,0,0,6,1432,1951,1,1,10,4,0
8,2,1,0,0,0,0,0,1,1,0,1,0,0,0,0,0,0,0,0,0,0,0,0,0,0,26,27,475,1,1,10,4,1
8,3,1,1,0,0,0,0,0,0,1,0,0,0,0,0,0,0,0,0,0,0,0,0,0,0,102,138,149,2,2,-1,4,0
8,5,1,0,0,0,0,0,1,0,0,0,0,0,0,0,0,0,1,0,0,0,0,0,0,0,52,648,900,1,1,10,4,0
8,1,1,0,0,0,0,0,1,0,1,0,0,0,0,0,0,0,0,1,0,0,0,0,0,0,60,599,815,1,1,10,4,1
8,2,1,0,0,0,0,0,1,1,0,1,0,0,0,0,0,0,0,0,0,0,0,0,0,0,46,55,59,2,2,-1,4,0
8,13,1,1,0,0,0,0,0,0,1,0,0,0,0,0,0,0,0,0,1,1,0,0,0,0,164,909,1325,1,1,10,4,0
8,1,1,0,0,0,0,0,1,0,1,0,0,0,0,0,0,0,0,1,0,0,0,0,0,0,141,212,256,1,1,10,4,0
8,1,1,0,0,0,0,0,1,0,1,0,0,0,0,0,0,0,0,1,0,0,0,0,0,0,18,38,325,1,1,9,4,0
8,1,1,0,0,0,0,0,1,0,1,0,0,0,0,0,0,0,0,1,0,0,0,0,0,0,4,651,904,1,1,10,4,0
8,2,1,0,0,0,0,0,1,1,0,1,0,0,0,0,0,0,0,0,0,0,0,0,0,0,193,1240,1776,2,2,-1,4,0
8,2,1,0,0,0,0,0,1,1,0,1,0,0,0,0,0,0,0,0,0,0,0,0,0,0,7,7,7,1,1,10,4,1
8,1,1,0,0,0,0,0,1,0,1,0,0,0,0,0,0,0,0,1,0,0,0,0,0,0,133,668,935,1,1,10,4,0
8,2,1,0,0,0,0,0,1,1,0,1,0,0,0,0,0,0,0,0,0,0,0,0,0,0,50,533,1397,1,1,10,4,0
8,1,1,0,0,0,0,0,1,0,1,0,0,0,0,0,0,0,0,1,0,0,0,0,0,0,33,458,598,1,1,10,4,1
8,3,1,1,0,0,0,0,0,0,1,0,0,0,0,0,0,0,0,0,0,0,0,0,0,0,98,451,588,2,2,5,4,0
8,2,1,0,0,0,0,0,1,1,0,1,0,0,0,0,0,0,0,0,0,0,0,0,0,0,2,2,1607,1,1,10,4,0
8,6,1,1,0,0,0,0,0,0,0,0,0,1,0,0,0,0,0,0,0,0,0,0,0,0,179,437,453,1,1,10,4,0
8,2,1,0,0,0,0,0,1,1,0,1,0,0,0,0,0,0,0,0,0,0,0,0,0,0,12,673,945,1,1,10,4,0
8,2,1,0,0,0,0,0,1,1,0,1,0,0,0,0,0,0,0,0,0,0,0,0,0,0,6,654,907,1,1,10,4,0
8,2,1,0,0,0,0,0,1,1,0,1,0,0,0,0,0,0,0,0,0,0,0,0,0,0,92,978,1434,1,1,10,4,0
8,3,1,1,0,0,0,0,0,0,1,0,0,0,0,0,0,0,0,0,0,0,0,0,0,0,14,256,461,1,1,10,4,0
8,1,1,0,0,0,0,0,1,0,1,0,0,0,0,0,0,0,0,1,0,0,0,0,0,0,79,102,940,1,1,10,4,0
8,3,1,1,0,0,0,0,0,0,1,0,0,0,0,0,0,0,0,0,0,0,0,0,0,0,98,196,257,1,1,10,4,0
8,21,1,1,0,0,0,0,0,1,1,0,0,1,0,0,0,0,1,0,0,0,0,0,0,0,8,8,20,1,1,10,4,0
8,21,1,1,0,0,0,0,0,1,1,0,0,1,0,0,0,0,1,0,0,0,0,0,0,0,51,232,1269,2,2,-1,4,0
8,2,1,0,0,0,0,0,1,1,0,1,0,0,0,0,0,0,0,0,0,0,0,0,0,0,21,21,1428,1,1,10,4,0
8,1,1,0,0,0,0,0,1,0,1,0,0,0,0,0,0,0,0,1,0,0,0,0,0,0,187,462,605,1,1,10,4,0
8,1,1,0,0,0,0,0,1,0,1,0,0,0,0,0,0,0,0,1,0,0,0,0,0,0,166,1337,804,1,1,10,4,0
8,2,1,0,0,0,0,0,1,1,0,1,0,0,0,0,0,0,0,0,0,0,0,0,0,0,24,24,25,1,1,10,5,0
8,1,1,0,0,0,0,0,1,0,1,0,0,0,0,0,0,0,0,1,0,0,0,0,0,0,-1,-1,-1,1,1,9,4,1
8,1,1,0,0,0,0,0,1,0,1,0,0,0,0,0,0,0,0,1,0,0,0,0,0,0,2,320,392,1,1,10,4,0
8,2,1,0,0,0,0,0,1,1,0,1,0,0,0,0,0,0,0,0,0,0,0,0,0,0,69,88,96,1,1,9,4,0
8,7,1,1,0,0,0,0,0,0,0,0,0,1,0,0,0,0,0,0,0,0,0,0,0,0,20,20,21,2,2,6,4,0
8,3,1,1,0,0,0,0,0,0,1,0,0,0,0,0,0,0,0,0,0,0,0,0,0,0,32,716,1006,1,1,10,4,0
8,3,1,1,0,0,0,0,0,0,1,0,0,0,0,0,0,0,0,0,0,0,0,0,0,0,46,55,753,2,2,6,4,0
8,2,1,0,0,0,0,0,1,1,0,1,0,0,0,0,0,0,0,0,0,0,0,0,0,0,145,449,586,1,1,10,4,0
8,1,1,0,0,0,0,0,1,0,1,0,0,0,0,0,0,0,0,1,0,0,0,0,0,0,10,148,165,1,1,10,4,0
8,1,1,0,0,0,0,0,1,0,1,0,0,0,0,0,0,0,0,1,0,0,0,0,0,0,148,226,441,1,1,10,4,0
8,1,1,0,0,0,0,0,1,0,1,0,0,0,0,0,0,0,0,1,0,0,0,0,0,0,15,15,39,2,2,6,4,0
8,4,1,1,0,0,0,0,0,0,1,0,0,1,0,0,0,0,0,0,0,1,0,0,0,0,-1,-1,-1,1,1,10,4,0
8,2,1,0,0,0,0,0,1,1,0,1,0,0,0,0,0,0,0,0,0,0,0,0,0,0,32,737,1042,1,1,10,4,1
8,1,1,0,0,0,0,0,1,0,1,0,0,0,0,0,0,0,0,1,0,0,0,0,0,0,109,870,1282,1,1,10,4,0
8,3,1,1,0,0,0,0,0,0,1,0,0,0,0,0,0,0,0,0,0,0,0,0,0,0,13,13,13,1,1,10,4,0
8,2,1,0,0,0,0,0,1,1,0,1,0,0,0,0,0,0,0,0,0,0,0,0,0,0,115,159,1974,1,1,10,4,0
8,1,1,0,0,0,0,0,1,0,1,0,0,0,0,0,0,0,0,1,0,0,0,0,0,0,77,100,110,1,1,10,4,0
8,2,1,0,0,0,0,0,1,1,0,1,0,0,0,0,0,0,0,0,0,0,0,0,0,0,79,102,1294,1,1,10,4,0
8,6,1,1,0,0,0,0,0,0,0,0,0,1,0,0,0,0,0,0,0,0,0,0,0,0,77,100,153,1,1,10,4,0
8,2,1,0,0,0,0,0,1,1,0,1,0,0,0,0,0,0,0,0,0,0,0,0,0,0,13,13,13,1,1,10,4,1
8,8,1,1,0,0,0,0,0,0,1,0,0,0,0,0,0,0,0,0,0,0,0,0,0,0,99,165,185,2,2,4,5,0
8,2,1,0,0,0,0,0,1,1,0,1,0,0,0,0,0,0,0,0,0,0,0,0,0,0,57,639,882,1,1,10,4,0
8,12,1,1,0,0,0,0,0,0,1,0,0,0,0,0,0,0,0,0,0,0,0,0,0,0,46,55,859,1,1,10,4,0
8,2,1,0,0,0,0,0,1,1,0,1,0,0,0,0,0,0,0,0,0,0,0,0,0,0,49,1458,1977,1,1,10,4,0
8,2,1,0,0,0,0,0,1,1,0,1,0,0,0,0,0,0,0,0,0,0,0,0,0,0,41,90,98,1,1,10,4,0
8,2,1,0,0,0,0,0,1,1,0,1,0,0,0,0,0,0,0,0,0,0,0,0,0,0,98,451,1329,1,1,10,4,0
8,2,1,0,0,0,0,0,1,1,0,1,0,0,0,0,0,0,0,0,0,0,0,0,0,0,107,869,1261,1,1,10,4,0
8,2,1,0,0,0,0,0,1,1,0,1,0,0,0,0,0,0,0,0,0,0,0,0,0,0,32,489,644,1,1,10,5,0
8,3,1,1,0,0,0,0,0,0,1,0,0,0,0,0,0,0,0,0,0,0,0,0,0,0,40,82,89,2,2,5,4,0
8,2,1,0,0,0,0,0,1,1,0,1,0,0,0,0,0,0,0,0,0,0,0,0,0,0,38,41,582,1,1,10,4,0
8,6,1,1,0,0,0,0,0,0,0,0,0,1,0,0,0,0,0,0,0,0,0,0,0,0,39,42,45,1,1,9,5,0
8,8,1,1,0,0,0,0,0,0,1,0,0,0,0,0,0,0,0,0,0,0,0,0,0,0,47,480,629,1,1,10,5,0
8,6,1,1,0,0,0,0,0,0,0,0,0,1,0,0,0,0,0,0,0,0,0,0,0,0,6,324,400,1,1,10,5,0
8,1,1,0,0,0,0,0,1,0,1,0,0,0,0,0,0,0,0,1,0,0,0,0,0,0,147,321,1451,1,1,10,5,0
8,2,1,0,0,0,0,0,1,1,0,1,0,0,0,0,0,0,0,0,0,0,0,0,0,0,206,1462,1983,1,1,10,4,0
8,12,1,1,0,0,0,0,0,0,1,0,0,0,0,0,0,0,0,0,0,0,0,0,0,0,132,393,499,1,1,10,4,0
8,2,1,0,0,0,0,0,1,1,0,1,0,0,0,0,0,0,0,0,0,0,0,0,0,0,8,8,20,1,1,10,4,1
8,2,1,0,0,0,0,0,1,1,0,1,0,0,0,0,0,0,0,0,0,0,0,0,0,0,57,461,604,1,1,10,4,0
8,2,1,0,0,0,0,0,1,1,0,1,0,0,0,0,0,0,0,0,0,0,0,0,0,0,122,457,596,1,1,10,4,0
8,7,1,1,0,0,0,0,0,0,0,0,0,1,0,0,0,0,0,0,0,0,0,0,0,0,44,52,56,1,1,10,4,0
8,1,1,0,0,0,0,0,1,0,1,0,0,0,0,0,0,0,0,1,0,0,0,0,0,0,63,77,779,1,1,10,4,0
8,4,1,1,0,0,0,0,0,0,1,0,0,0,0,0,0,0,0,0,0,0,0,0,0,0,13,13,13,1,1,10,4,0
8,2,1,0,0,0,0,0,1,1,0,1,0,0,0,0,0,0,0,0,0,0,0,0,0,0,98,1334,1866,1,1,10,4,0
8,2,1,0,0,0,0,0,1,1,0,1,0,0,0,0,0,0,0,0,0,0,0,0,0,0,80,611,1319,2,2,-1,4,0
8,6,1,1,0,0,0,0,0,0,0,0,0,1,0,0,0,0,0,0,0,0,0,0,0,0,213,933,1366,1,1,8,5,0
8,2,1,0,0,0,0,0,1,1,0,1,0,0,0,0,0,0,0,0,0,0,0,0,0,0,68,583,787,1,1,10,4,0
8,4,1,1,0,0,0,0,0,0,1,0,0,0,0,0,0,0,0,0,0,0,0,0,0,0,50,565,757,1,1,10,4,0
8,1,1,0,0,0,0,0,1,0,1,0,0,0,0,0,0,0,0,1,0,0,0,0,0,0,184,414,529,1,1,10,4,0
8,2,1,0,0,0,0,0,1,1,0,1,0,0,0,0,0,0,0,0,0,0,0,0,0,0,151,1183,679,1,1,10,4,0
8,2,1,0,0,0,0,0,1,1,0,1,0,0,0,0,0,0,0,0,0,0,0,0,0,0,127,188,1657,1,1,10,4,0
8,2,1,0,0,0,0,0,1,1,0,1,0,0,0,0,0,0,0,0,0,0,0,0,0,0,68,87,95,2,2,-1,4,0
8,2,1,0,0,0,0,0,1,1,0,1,0,0,0,0,0,0,0,0,0,0,0,0,0,0,68,649,1124,1,1,10,4,0
8,12,1,1,0,0,0,0,0,0,1,0,0,0,0,0,0,0,0,0,0,0,0,0,0,0,31,33,77,1,1,8,4,0
8,21,1,1,0,0,0,0,0,1,1,0,0,1,0,0,0,0,1,0,0,0,0,0,0,0,44,52,1208,1,1,9,5,0
8,2,1,0,0,0,0,0,1,1,0,1,0,0,0,0,0,0,0,0,0,0,0,0,0,0,103,319,391,1,1,10,5,0
8,2,1,0,0,0,0,0,1,1,0,1,0,0,0,0,0,0,0,0,0,0,0,0,0,0,69,532,708,1,1,10,4,0
8,3,1,1,0,0,0,0,0,0,1,0,0,0,0,0,0,0,0,0,0,0,0,0,0,0,24,24,1987,2,2,5,4,0
8,8,1,1,0,0,0,0,0,0,1,0,0,0,0,0,0,0,0,0,0,0,0,0,0,0,134,200,228,1,1,10,5,0
18,2,1,0,0,0,0,0,1,1,0,1,0,0,0,0,0,0,0,0,0,0,0,0,0,0,18,883,1279,1,1,10,4,0
18,8,1,1,0,0,0,0,0,0,1,0,0,0,0,0,0,0,0,0,0,0,0,0,0,0,153,659,914,1,1,10,5,0
18,13,1,1,0,0,0,0,0,0,1,0,0,0,0,0,0,0,0,0,1,1,0,0,0,0,132,393,499,1,1,10,4,0
18,3,1,1,0,0,0,0,0,0,1,0,0,0,0,0,0,0,0,0,0,0,0,0,0,0,116,1022,1234,1,1,10,4,0
18,2,1,0,0,0,0,0,1,1,0,1,0,0,0,0,0,0,0,0,0,0,0,0,0,0,8,8,20,1,1,10,4,0
18,4,1,1,0,0,0,0,0,0,1,0,0,1,0,0,0,0,0,0,0,1,0,0,0,0,21,21,202,1,1,10,4,0
18,23,1,0,0,0,0,0,0,0,1,0,0,1,0,0,0,0,0,0,1,0,0,0,0,0,40,123,134,1,1,10,4,0
18,2,1,0,0,0,0,0,1,1,0,1,0,0,0,0,0,0,0,0,0,0,0,0,0,0,98,266,316,1,1,10,4,0
18,3,1,1,0,0,0,0,0,0,1,0,0,0,0,0,0,0,0,0,0,0,0,0,0,0,120,169,469,2,2,5,4,0
18,2,1,0,0,0,0,0,1,1,0,1,0,0,0,0,0,0,0,0,0,0,0,0,0,0,24,24,25,1,1,9,4,1
18,23,1,0,0,0,0,0,0,0,1,0,0,1,0,0,0,0,0,0,1,0,0,0,0,0,22,22,23,1,1,10,4,0
18,4,1,1,0,0,0,0,0,0,1,0,0,0,0,0,0,0,0,0,0,0,0,0,0,0,31,33,34,1,1,10,4,0
18,2,1,0,0,0,0,0,1,1,0,1,0,0,0,0,0,0,0,0,0,0,0,0,0,0,56,68,73,1,1,10,4,0
18,2,1,0,0,0,0,0,1,1,0,1,0,0,0,0,0,0,0,0,0,0,0,0,0,0,132,393,499,1,1,10,4,0
18,2,1,0,0,0,0,0,1,1,0,1,0,0,0,0,0,0,0,0,0,0,0,0,0,0,52,648,900,2,2,-1,4,0
18,3,1,1,0,0,0,0,0,0,1,0,0,0,0,0,0,0,0,0,0,0,0,0,0,0,132,393,499,1,1,10,4,0
18,2,1,0,0,0,0,0,1,1,0,1,0,0,0,0,0,0,0,0,0,0,0,0,0,0,18,1130,1654,1,1,10,4,0
18,1,1,0,0,0,0,0,1,0,1,0,0,0,0,0,0,0,0,1,0,0,0,0,0,0,80,948,1392,1,1,10,4,0
18,2,1,0,0,0,0,0,1,1,0,1,0,0,0,0,0,0,0,0,0,0,0,0,0,0,133,199,232,1,1,10,4,0
18,2,1,0,0,0,0,0,1,1,0,1,0,0,0,0,0,0,0,0,0,0,0,0,0,0,31,33,1778,1,1,10,4,0
18,2,1,0,0,0,0,0,1,1,0,1,0,0,0,0,0,0,0,0,0,0,0,0,0,0,18,315,1022,1,1,10,4,0
18,1,1,0,0,0,0,0,1,0,1,0,0,0,0,0,0,0,0,1,0,0,0,0,0,0,158,272,322,1,1,10,4,0
18,2,1,0,0,0,0,0,1,1,0,1,0,0,0,0,0,0,0,0,0,0,0,0,0,0,7,7,7,1,1,10,5,0
18,2,1,0,0,0,0,0,1,1,0,1,0,0,0,0,0,0,0,0,0,0,0,0,0,0,42,185,211,2,2,-1,4,0
18,13,1,1,0,0,0,0,0,0,1,0,0,0,0,0,0,0,0,0,1,1,0,0,0,0,40,82,1059,1,1,10,4,1
18,1,1,0,0,0,0,0,1,0,1,0,0,0,0,0,0,0,0,1,0,0,0,0,0,0,92,178,782,1,1,10,4,0
18,3,1,1,0,0,0,0,0,0,1,0,0,0,0,0,0,0,0,0,0,0,0,0,0,0,18,665,925,1,1,10,4,0
18,2,1,0,0,0,0,0,1,1,0,1,0,0,0,0,0,0,0,0,0,0,0,0,0,0,32,829,1227,1,1,10,4,0
18,2,1,0,0,0,0,0,1,1,0,1,0,0,0,0,0,0,0,0,0,0,0,0,0,0,51,232,271,1,1,10,4,0
18,1,1,0,0,0,0,0,1,0,1,0,0,0,0,0,0,0,0,1,0,0,0,0,0,0,69,541,723,1,1,10,4,0
18,3,1,1,0,0,0,0,0,0,1,0,0,0,0,0,0,0,0,0,0,0,0,0,0,0,4,252,298,2,2,5,5,0
18,1,1,0,0,0,0,0,1,0,1,0,0,0,0,0,0,0,0,1,0,0,0,0,0,0,4,66,1389,1,1,10,4,0
18,2,1,0,0,0,0,0,1,1,0,1,0,0,0,0,0,0,0,0,0,0,0,0,0,0,35,37,1653,1,1,10,4,0
18,2,1,0,0,0,0,0,1,1,0,1,0,0,0,0,0,0,0,0,0,0,0,0,0,0,201,637,879,2,2,-1,4,0
18,2,1,0,0,0,0,0,1,1,0,1,0,0,0,0,0,0,0,0,0,0,0,0,0,0,87,115,977,1,1,10,5,0
18,3,1,1,0,0,0,0,0,0,1,0,0,0,0,0,0,0,0,0,0,0,0,0,0,0,141,212,387,1,1,10,4,0
18,2,1,0,0,0,0,0,1,1,0,1,0,0,0,0,0,0,0,0,0,0,0,0,0,0,95,410,136,1,1,10,4,0
18,2,1,0,0,0,0,0,1,1,0,1,0,0,0,0,0,0,0,0,0,0,0,0,0,0,18,432,553,1,1,10,4,0
18,2,1,0,0,0,0,0,1,1,0,1,0,0,0,0,0,0,0,0,0,0,0,0,0,0,3,528,700,1,1,10,5,0
18,3,1,1,0,0,0,0,0,0,1,0,0,0,0,0,0,0,0,0,0,0,0,0,0,0,180,394,500,1,1,10,4,0
18,2,1,0,0,0,0,0,1,1,0,1,0,0,0,0,0,0,0,0,0,0,0,0,0,0,76,476,625,1,1,10,4,0
18,2,1,0,0,0,0,0,1,1,0,1,0,0,0,0,0,0,0,0,0,0,0,0,0,0,15,15,205,1,1,10,4,0
18,2,1,0,0,0,0,0,1,1,0,1,0,0,0,0,0,0,0,0,0,0,0,0,0,0,41,411,526,1,1,10,4,0
18,18,0,1,0,0,0,0,0,1,0,0,0,0,0,0,0,0,0,0,0,0,0,0,0,0,144,1475,744,1,1,10,5,0
12,3,1,1,0,0,0,0,0,0,1,0,0,0,0,0,0,0,0,0,0,0,0,0,0,0,131,208,238,1,1,10,4,0
12,1,1,0,0,0,0,0,1,0,1,0,0,0,0,0,0,0,0,1,0,0,0,0,0,0,109,342,421,1,1,10,4,1
12,1,1,0,0,0,0,0,1,0,1,0,0,0,0,0,0,0,0,1,0,0,0,0,0,0,55,65,70,1,1,10,4,0
12,1,1,0,0,0,0,0,1,0,1,0,0,0,0,0,0,0,0,1,0,0,0,0,0,0,141,212,387,1,1,10,4,0
12,2,1,0,0,0,0,0,1,1,0,1,0,0,0,0,0,0,0,0,0,0,0,0,0,0,52,1285,1823,1,1,10,4,0
12,2,1,0,0,0,0,0,1,1,0,1,0,0,0,0,0,0,0,0,0,0,0,0,0,0,50,60,1792,1,1,10,4,0
12,8,1,1,0,0,0,0,0,0,1,0,0,0,0,0,0,0,0,0,0,0,0,0,0,0,34,117,1045,2,2,6,5,0
12,3,1,1,0,0,0,0,0,0,1,0,0,0,0,0,0,0,0,0,0,0,0,0,0,0,42,722,1013,1,1,10,4,0
12,3,1,1,0,0,0,0,0,0,1,0,0,0,0,0,0,0,0,0,0,0,0,0,0,0,3,766,1099,1,1,10,4,0
12,1,1,0,0,0,0,0,1,0,1,0,0,0,0,0,0,0,0,1,0,0,0,0,0,0,173,331,1288,1,1,10,4,0
12,1,1,0,0,0,0,0,1,0,1,0,0,0,0,0,0,0,0,1,0,0,0,0,0,0,37,40,43,1,1,10,4,0
12,1,1,0,0,0,0,0,1,0,1,0,0,0,0,0,0,0,0,1,0,0,0,0,0,0,3,26,27,1,1,9,4,1
12,1,1,0,0,0,0,0,1,0,1,0,0,0,0,0,0,0,0,1,0,0,0,0,0,0,200,582,786,1,1,10,4,0
12,12,1,1,0,0,0,0,0,0,1,0,0,0,0,0,0,0,0,0,0,0,0,0,0,0,-1,-1,-1,1,1,10,4,0
12,2,1,0,0,0,0,0,1,1,0,1,0,0,0,0,0,0,0,0,0,0,0,0,0,0,50,60,65,1,1,10,5,0
12,16,1,1,0,0,0,0,1,0,1,1,0,0,0,0,0,0,0,0,0,0,0,0,0,0,3,528,700,2,2,6,4,0
12,2,1,0,0,0,0,0,1,1,0,1,0,0,0,0,0,0,0,0,0,0,0,0,0,0,40,43,103,1,1,10,5,0
12,2,1,0,0,0,0,0,1,1,0,1,0,0,0,0,0,0,0,0,0,0,0,0,0,0,31,33,1110,1,1,10,4,0
12,3,1,1,0,0,0,0,0,0,1,0,0,0,0,0,0,0,0,0,0,0,0,0,0,0,76,97,107,1,1,10,4,0
12,8,1,1,0,0,0,0,0,0,1,0,0,0,0,0,0,0,0,0,0,0,0,0,0,0,13,13,13,2,2,4,5,0
12,21,1,1,0,0,0,0,0,1,1,0,0,1,0,0,0,0,1,0,0,0,0,0,0,0,160,328,405,2,2,4,5,0
12,2,1,0,0,0,0,0,1,1,0,1,0,0,0,0,0,0,0,0,0,0,0,0,0,0,37,197,839,1,1,10,4,0
12,1,1,0,0,0,0,0,1,0,1,0,0,0,0,0,0,0,0,1,0,0,0,0,0,0,38,41,295,1,1,9,4,0
12,1,1,0,0,0,0,0,1,0,1,0,0,0,0,0,0,0,0,1,0,0,0,0,0,0,153,247,288,1,1,9,4,0
12,21,1,1,0,0,0,0,0,1,1,0,0,1,0,0,0,0,1,0,0,0,0,0,0,0,83,108,118,1,1,10,4,0
12,1,1,0,0,0,0,0,1,0,1,0,0,0,0,0,0,0,0,1,0,0,0,0,0,0,32,990,1456,1,1,10,4,0
12,1,1,0,0,0,0,0,1,0,1,0,0,0,0,0,0,0,0,1,0,0,0,0,0,0,185,420,541,1,1,10,4,0
12,1,1,0,0,0,0,0,1,0,1,0,0,0,0,0,0,0,0,1,0,0,0,0,0,0,46,55,870,1,1,10,4,0
12,1,1,0,0,0,0,0,1,0,1,0,0,0,0,0,0,0,0,1,0,0,0,0,0,0,23,23,209,1,1,10,4,1
12,1,1,0,0,0,0,0,1,0,1,0,0,0,0,0,0,0,0,1,0,0,0,0,0,0,131,575,425,1,1,10,4,0
12,1,1,0,0,0,0,0,1,0,1,0,0,0,0,0,0,0,0,1,0,0,0,0,0,0,18,38,325,1,1,10,4,0
12,5,1,0,0,0,0,0,1,0,0,0,0,0,0,0,0,0,1,0,0,0,0,0,0,0,96,126,137,1,1,10,5,0
12,3,1,1,0,0,0,0,0,0,1,0,0,0,0,0,0,0,0,0,0,0,0,0,0,0,162,282,336,2,2,6,4,0
12,21,1,1,0,0,0,0,0,1,1,0,0,1,0,0,0,0,1,0,0,0,0,0,0,0,70,164,184,2,2,5,5,0
12,6,1,1,0,0,0,0,0,0,0,0,0,1,0,0,0,0,0,0,0,0,0,0,0,0,106,317,648,1,1,10,5,0
12,6,1,1,0,0,0,0,0,0,0,0,0,1,0,0,0,0,0,0,0,0,0,0,0,0,39,42,294,1,1,10,4,0
12,16,1,1,0,0,0,0,1,0,1,1,0,0,0,0,0,0,0,0,0,0,0,0,0,0,8,8,20,1,1,10,4,0
12,19,1,1,0,0,0,0,0,0,1,0,0,0,0,0,0,0,0,0,0,0,0,0,0,0,191,859,1244,1,1,10,4,0
12,1,1,0,0,0,0,0,1,0,1,0,0,0,0,0,0,0,0,1,0,0,0,0,0,0,167,298,356,1,1,10,4,0
12,1,1,0,0,0,0,0,1,0,1,0,0,0,0,0,0,0,0,1,0,0,0,0,0,0,33,768,1103,1,1,10,4,0
12,3,1,1,0,0,0,0,0,0,1,0,0,0,0,0,0,0,0,0,0,0,0,0,0,0,106,557,745,2,2,5,5,0
12,10,1,1,0,0,0,0,0,0,1,0,0,0,0,0,0,0,0,1,0,0,0,0,0,0,141,212,387,1,1,8,4,0
12,3,1,1,0,0,0,0,0,0,1,0,0,0,0,0,0,0,0,0,0,0,0,0,0,0,143,217,252,1,1,10,4,0
12,9,1,1,1,0,0,0,1,1,1,1,0,1,0,0,0,1,1,1,1,1,0,0,0,0,7,7,7,1,1,10,5,0
12,1,1,0,0,0,0,0,1,0,1,0,0,0,0,0,0,0,0,1,0,0,0,0,0,0,3,70,75,1,1,10,4,0
12,2,1,0,0,0,0,0,1,1,0,1,0,0,0,0,0,0,0,0,0,0,0,0,0,0,60,579,778,1,1,10,4,0
12,1,1,0,0,0,0,0,1,0,1,0,0,0,0,0,0,0,0,1,0,0,0,0,0,0,107,509,670,1,1,10,4,0
12,21,1,1,0,0,0,0,0,1,0,0,0,1,0,0,0,0,1,0,1,0,0,0,0,0,7,7,7,1,1,10,4,0
12,2,1,0,0,0,0,0,1,1,0,1,0,0,0,0,0,0,0,0,0,0,0,0,0,0,91,120,130,1,1,10,4,1
12,2,1,0,0,0,0,0,1,1,0,1,0,0,0,0,0,0,0,0,0,0,0,0,0,0,85,785,1134,1,1,10,4,0
12,3,1,1,0,0,0,0,0,0,1,0,0,0,0,0,0,0,0,0,0,0,0,0,0,0,38,41,295,1,1,10,4,0
12,3,1,1,0,0,0,0,0,0,1,0,0,0,0,0,0,0,0,0,0,0,0,0,0,0,179,744,1084,1,1,10,4,0
12,3,1,1,0,0,0,0,0,0,1,0,0,0,0,0,0,0,0,0,0,0,0,0,0,0,153,247,288,1,1,10,4,0
12,14,1,0,0,0,0,0,0,0,0,0,0,0,0,0,0,0,0,0,0,0,0,0,0,0,64,80,87,2,2,-1,4,0
12,1,1,0,0,0,0,0,1,0,1,0,0,0,0,0,0,0,0,1,0,0,0,0,0,0,3,134,1884,1,1,10,4,0
12,1,1,0,0,0,0,0,1,0,1,0,0,0,0,0,0,0,0,1,0,0,0,0,0,0,68,146,163,1,1,10,4,0
12,1,1,0,0,0,0,0,1,0,1,0,0,0,0,0,0,0,0,1,0,0,0,0,0,0,4,252,298,1,1,10,4,0
12,13,1,1,0,0,0,0,0,0,1,0,0,0,0,0,0,0,0,0,1,1,0,0,0,0,159,688,1634,1,1,10,5,0
12,2,1,0,0,0,0,0,1,1,0,1,0,0,0,0,0,0,0,0,0,0,0,0,0,0,32,1492,655,1,1,10,4,0
12,2,1,0,0,0,0,0,1,1,0,1,0,0,0,0,0,0,0,0,0,0,0,0,0,0,104,707,1803,1,1,10,4,0
12,2,1,0,0,0,0,0,1,1,0,1,0,0,0,0,0,0,0,0,0,0,0,0,0,0,68,162,182,1,1,9,4,0
12,1,1,0,0,0,0,0,1,0,1,0,0,0,0,0,0,0,0,1,0,0,0,0,0,0,101,136,1645,1,1,9,4,1
12,1,1,0,0,0,0,0,1,0,1,0,0,0,0,0,0,0,0,1,0,0,0,0,0,0,18,426,547,1,1,10,4,0
12,1,1,0,0,0,0,0,1,0,1,0,0,0,0,0,0,0,0,1,0,0,0,0,0,0,152,241,1488,1,1,10,4,0
12,2,1,0,0,0,0,0,1,1,0,1,0,0,0,0,0,0,0,0,0,0,0,0,0,0,61,75,81,1,1,10,4,0
12,1,1,0,0,0,0,0,1,0,1,0,0,0,0,0,0,0,0,1,0,0,0,0,0,0,92,121,131,1,1,10,4,1
12,2,1,0,0,0,0,0,1,1,0,1,0,0,0,0,0,0,0,0,0,0,0,0,0,0,10,10,10,1,1,10,5,0
12,13,1,1,0,0,0,0,0,0,1,0,0,0,0,0,0,0,0,0,1,1,0,0,0,0,46,55,59,1,1,10,5,0
12,3,1,1,0,0,0,0,0,0,1,0,0,0,0,0,0,0,0,0,0,0,0,0,0,0,57,114,896,2,2,4,5,0
12,1,1,0,0,0,0,0,1,0,1,0,0,0,0,0,0,0,0,1,0,0,0,0,0,0,18,665,925,2,2,6,4,0
13,1,1,0,0,0,0,0,1,0,1,0,0,0,0,0,0,0,0,1,0,0,0,0,0,0,100,135,146,1,1,10,4,0
13,1,1,0,0,0,0,0,1,0,1,0,0,0,0,0,0,0,0,1,0,0,0,0,0,0,6,214,897,1,1,10,4,0
13,1,1,0,0,0,0,0,1,0,1,0,0,0,0,0,0,0,0,1,0,0,0,0,0,0,40,218,253,1,1,10,4,0
13,3,1,1,0,0,0,0,0,0,1,0,0,0,0,0,0,0,0,0,0,0,0,0,0,0,22,166,1289,1,1,10,4,0
13,9,1,1,1,0,0,0,1,1,1,1,0,1,0,0,0,1,1,1,1,1,0,0,0,0,92,1070,1569,1,1,9,4,0
13,2,1,0,0,0,0,0,1,1,0,1,0,0,0,0,0,0,0,0,0,0,0,0,0,0,-1,-1,-1,1,1,10,4,1
13,8,1,1,0,0,0,0,0,0,1,0,0,0,0,0,0,0,0,0,0,0,0,0,0,0,91,120,130,2,2,4,5,0
13,8,1,1,0,0,0,0,0,0,1,0,0,0,0,0,0,0,0,0,0,0,0,0,0,0,8,8,20,2,2,5,5,0
13,1,1,0,0,0,0,0,1,0,1,0,0,0,0,0,0,0,0,1,0,0,0,0,0,0,77,100,110,1,1,10,5,0
13,2,1,0,0,0,0,0,1,1,0,1,0,0,0,0,0,0,0,0,0,0,0,0,0,0,133,199,232,1,1,10,4,0
13,13,1,1,0,0,0,0,0,0,1,0,0,0,0,0,0,0,0,0,1,1,0,0,0,0,74,210,242,1,1,10,4,0
13,6,1,1,0,0,0,0,0,0,0,0,0,1,0,0,0,0,0,0,0,0,0,0,0,0,70,164,726,1,1,10,4,0
13,2,1,0,0,0,0,0,1,1,0,1,0,0,0,0,0,0,0,0,0,0,0,0,0,0,60,630,867,1,1,10,4,0
13,1,1,0,0,0,0,0,1,0,1,0,0,0,0,0,0,0,0,1,0,0,0,0,0,0,85,223,262,1,1,10,4,0
13,2,1,0,0,0,0,0,1,1,0,1,0,0,0,0,0,0,0,0,0,0,0,0,0,0,3,370,468,2,2,6,4,0
13,3,1,1,0,0,0,0,0,0,1,0,0,0,0,0,0,0,0,0,0,0,0,0,0,0,122,408,523,2,2,4,5,0
13,21,1,1,0,0,0,0,0,1,1,0,0,1,0,0,0,0,1,0,0,0,0,0,0,0,36,39,42,2,2,6,4,0
13,1,1,0,0,0,0,0,1,0,1,0,0,0,0,0,0,0,0,1,0,0,0,0,0,0,159,1484,2005,1,1,10,5,0
13,1,1,0,0,0,0,0,1,0,1,0,0,0,0,0,0,0,0,1,0,0,0,0,0,0,15,15,871,1,1,10,4,1
13,2,1,0,0,0,0,0,1,1,0,1,0,0,0,0,0,0,0,0,0,0,0,0,0,0,60,874,1266,1,1,9,4,0
13,1,1,0,0,0,0,0,1,0,1,0,0,0,0,0,0,0,0,1,0,0,0,0,0,0,24,24,711,1,1,10,4,0
13,21,1,1,0,0,0,0,0,1,0,0,0,1,0,0,0,0,1,0,1,0,0,0,0,0,12,128,139,2,2,-1,4,0
13,3,1,1,0,0,0,0,0,0,1,0,0,0,0,0,0,0,0,0,0,0,0,0,0,0,78,101,111,2,2,5,5,0
13,1,1,0,0,0,0,0,1,0,1,0,0,0,0,0,0,0,0,1,0,0,0,0,0,0,190,1508,624,1,1,10,4,0
13,1,1,0,0,0,0,0,1,0,1,0,0,0,0,0,0,0,0,1,0,0,0,0,0,0,110,493,649,1,1,10,4,1
13,2,1,0,0,0,0,0,1,1,0,1,0,0,0,0,0,0,0,0,0,0,0,0,0,0,57,1024,1512,1,1,10,4,0
13,6,1,1,0,0,0,0,0,0,0,0,0,1,0,0,0,0,0,0,0,0,0,0,0,0,17,17,17,1,1,10,4,0
13,2,1,0,0,0,0,0,1,1,0,1,0,0,0,0,0,0,0,0,0,0,0,0,0,0,3,528,700,2,2,-1,4,0
13,2,1,0,0,0,0,0,1,1,0,1,0,0,0,0,0,0,0,0,0,0,0,0,0,0,48,1512,2030,1,1,10,4,0
13,2,1,0,0,0,0,0,1,1,0,1,0,0,0,0,0,0,0,0,0,0,0,0,0,0,130,191,218,2,2,6,4,0
13,3,1,1,0,0,0,0,0,0,1,0,0,0,0,0,0,0,0,0,0,0,0,0,0,0,152,305,367,1,1,10,4,0
13,1,1,0,0,0,0,0,1,0,1,0,0,0,0,0,0,0,0,1,0,0,0,0,0,0,40,123,134,1,1,10,4,0
13,13,1,1,0,0,0,0,0,0,1,0,0,0,0,0,0,0,0,0,1,1,0,0,0,0,37,197,225,1,1,10,5,0
13,3,1,1,0,0,0,0,0,0,1,0,0,0,0,0,0,0,0,0,0,0,0,0,0,0,165,1032,1523,1,1,10,4,0
13,27,1,1,1,0,1,0,1,1,1,1,0,1,0,1,0,1,1,1,1,1,0,0,0,0,7,7,7,1,1,9,5,0
13,13,1,1,0,0,0,0,0,0,1,0,0,0,0,0,0,0,0,0,1,1,0,0,0,0,151,235,342,1,1,10,4,0
13,5,1,0,0,0,0,0,1,0,0,0,0,0,0,0,0,0,1,0,0,0,0,0,0,0,123,177,198,1,1,10,5,0
13,2,1,0,0,0,0,0,1,1,0,1,0,0,0,0,0,0,0,0,0,0,0,0,0,0,18,315,385,1,1,10,4,1
13,1,1,0,0,0,0,0,1,0,1,0,0,0,0,0,0,0,0,1,0,0,0,0,0,0,46,55,59,1,1,8,4,0
13,17,1,1,0,0,0,0,0,0,1,0,0,0,0,0,0,0,0,0,0,0,0,0,0,0,36,39,1082,1,1,10,5,0
13,3,1,1,0,0,0,0,0,0,1,0,0,0,0,0,0,0,0,0,0,0,0,0,0,0,66,85,93,2,2,6,4,0
13,1,1,0,0,0,0,0,1,0,1,0,0,0,0,0,0,0,0,1,0,0,0,0,0,0,6,79,1423,1,1,10,4,0
13,8,1,1,0,0,0,0,0,0,1,0,0,0,0,0,0,0,0,0,0,0,0,0,0,0,29,387,492,2,2,4,5,1
13,1,1,0,0,0,0,0,1,0,1,0,0,0,0,0,0,0,0,1,0,0,0,0,0,0,76,225,264,1,1,8,5,0
13,13,1,1,0,0,0,0,0,0,1,0,0,0,0,0,0,0,0,0,1,1,0,0,0,0,69,88,96,2,2,-1,4,0
13,1,1,0,0,0,0,0,1,0,1,0,0,0,0,0,0,0,0,1,0,0,0,0,0,0,76,225,576,1,1,10,4,0
13,3,1,1,0,0,0,0,0,0,1,0,0,0,0,0,0,0,0,0,0,0,0,0,0,0,20,20,21,2,2,5,5,0
13,2,1,0,0,0,0,0,1,1,0,1,0,0,0,0,0,0,0,0,0,0,0,0,0,0,90,1039,1531,1,1,10,4,0
13,2,1,0,0,0,0,0,1,1,0,1,0,0,0,0,0,0,0,0,0,0,0,0,0,0,31,33,846,1,1,10,4,0
13,3,1,1,0,0,0,0,0,0,1,0,0,0,0,0,0,0,0,0,0,0,0,0,0,0,-1,-1,-1,2,2,5,5,0
13,2,1,0,0,0,0,0,1,1,0,1,0,0,0,0,0,0,0,0,0,0,0,0,0,0,51,304,366,2,2,6,4,0
13,8,1,1,0,0,0,0,0,0,1,0,0,0,0,0,0,0,0,0,0,0,0,0,0,0,29,355,811,1,1,10,5,0
13,2,1,0,0,0,0,0,1,1,0,1,0,0,0,0,0,0,0,0,0,0,0,0,0,0,13,13,13,1,1,10,4,1
13,1,1,0,0,0,0,0,1,0,1,0,0,0,0,0,0,0,0,1,0,0,0,0,0,0,33,458,598,1,1,10,4,0
13,1,1,0,0,0,0,0,1,0,1,0,0,0,0,0,0,0,0,1,0,0,0,0,0,0,18,110,120,1,1,10,4,1
13,2,1,0,0,0,0,0,1,1,0,1,0,0,0,0,0,0,0,0,0,0,0,0,0,0,28,30,944,2,2,-1,4,0
13,9,1,1,1,0,0,0,1,1,1,1,0,1,0,0,0,1,1,1,1,1,0,0,0,0,33,302,1510,1,1,9,5,0
13,2,1,0,0,0,0,0,1,1,0,1,0,0,0,0,0,0,0,0,0,0,0,0,0,0,103,570,1163,1,1,10,5,0
13,4,1,1,0,0,0,0,0,0,1,0,0,1,0,0,0,0,0,0,0,1,0,0,0,0,44,52,56,1,1,10,4,0
13,3,1,1,0,0,0,0,0,0,1,0,0,0,0,0,0,0,0,0,0,0,0,0,0,0,46,55,1378,2,2,-1,4,0
13,2,1,0,0,0,0,0,1,1,0,1,0,0,0,0,0,0,0,0,0,0,0,0,0,0,2,2,1403,1,1,10,4,0
13,3,1,1,0,0,0,0,0,0,1,0,0,0,0,0,0,0,0,0,0,0,0,0,0,0,171,433,554,1,1,10,4,0
13,2,1,0,0,0,0,0,1,1,0,1,0,0,0,0,0,0,0,0,0,0,0,0,0,0,179,1004,1480,1,1,10,4,0
13,6,1,1,0,0,0,0,0,0,0,0,0,1,0,0,0,0,0,0,0,0,0,0,0,0,52,1285,1823,1,1,10,4,0
13,4,1,1,0,0,0,0,0,0,1,0,0,0,0,0,0,0,0,0,0,0,0,0,0,0,40,291,345,1,1,10,4,0
9,2,1,0,0,0,0,0,1,1,0,1,0,0,0,0,0,0,0,0,0,0,0,0,0,0,11,11,1115,1,1,10,4,0
9,3,1,1,0,0,0,0,0,0,1,0,0,0,0,0,0,0,0,0,0,0,0,0,0,0,4,66,71,2,2,6,4,1
9,2,1,0,0,0,0,0,1,1,0,1,0,0,0,0,0,0,0,0,0,0,0,0,0,0,133,199,227,1,1,10,4,0
9,3,1,1,0,0,0,0,0,0,1,0,0,0,0,0,0,0,0,0,0,0,0,0,0,0,179,386,490,2,2,-1,4,0
9,5,1,0,0,0,0,0,1,0,0,0,0,0,0,0,0,0,1,0,0,0,0,0,0,0,158,272,322,1,1,10,5,0
9,2,1,0,0,0,0,0,1,1,0,1,0,0,0,0,0,0,0,0,0,0,0,0,0,0,54,369,939,1,1,10,4,0
9,1,1,0,0,0,0,0,1,0,1,0,0,0,0,0,0,0,0,1,0,0,0,0,0,0,42,722,1013,1,1,10,4,0
9,1,1,0,0,0,0,0,1,0,1,0,0,0,0,0,0,0,0,1,0,0,0,0,0,0,19,966,1416,1,1,10,4,0
9,2,1,0,0,0,0,0,1,1,0,1,0,0,0,0,0,0,0,0,0,0,0,0,0,0,170,375,476,1,1,10,4,0
9,4,1,1,0,0,0,0,0,0,1,0,0,0,0,0,0,0,0,0,0,0,0,0,0,0,91,120,130,1,1,10,4,0
9,3,1,1,0,0,0,0,0,0,1,0,0,0,0,0,0,0,0,0,0,0,0,0,0,0,69,88,96,2,2,6,4,0
9,1,1,0,0,0,0,0,1,0,1,0,0,0,0,0,0,0,0,1,0,0,0,0,0,0,24,24,25,1,1,10,5,0
9,1,1,0,0,0,0,0,1,0,1,0,0,0,0,0,0,0,0,1,0,0,0,0,0,0,44,52,1837,1,1,10,4,0
9,4,1,1,0,0,0,0,0,0,1,0,0,0,0,0,0,0,0,0,0,0,0,0,0,0,3,528,700,1,1,10,4,0
9,8,1,1,0,0,0,0,0,0,1,0,0,0,0,0,0,0,0,0,0,0,0,0,0,0,158,272,322,2,2,6,5,0
9,6,1,1,0,0,0,0,0,0,0,0,0,1,0,0,0,0,0,0,0,0,0,0,0,0,83,108,118,1,1,10,5,0
9,1,1,0,0,0,0,0,1,0,1,0,0,0,0,0,0,0,0,1,0,0,0,0,0,0,46,55,59,1,1,10,5,0
9,21,1,1,0,0,0,0,0,1,1,0,0,1,0,0,0,0,1,0,0,0,0,0,0,0,152,751,1077,2,2,4,5,0
9,1,1,0,0,0,0,0,1,0,1,0,0,0,0,0,0,0,0,1,0,0,0,0,0,0,147,1536,2055,1,1,10,4,0
9,3,1,1,0,0,0,0,0,0,1,0,0,0,0,0,0,0,0,0,0,0,0,0,0,0,141,212,245,2,2,6,4,0
9,2,1,0,0,0,0,0,1,1,0,1,0,0,0,0,0,0,0,0,0,0,0,0,0,0,8,8,276,2,2,-1,4,0
9,1,1,0,0,0,0,0,1,0,1,0,0,0,0,0,0,0,0,1,0,0,0,0,0,0,98,281,335,1,1,10,4,1
9,2,1,0,0,0,0,0,1,1,0,1,0,0,0,0,0,0,0,0,0,0,0,0,0,0,23,23,209,1,1,10,4,1
9,2,1,0,0,0,0,0,1,1,0,1,0,0,0,0,0,0,0,0,0,0,0,0,0,0,-1,-1,-1,1,1,10,4,1
9,1,1,0,0,0,0,0,1,0,1,0,0,0,0,0,0,0,0,1,0,0,0,0,0,0,97,127,220,1,1,10,4,1
9,2,1,0,0,0,0,0,1,1,0,1,0,0,0,0,0,0,0,0,0,0,0,0,0,0,92,1537,199,1,1,10,4,0
9,2,1,0,0,0,0,0,1,1,0,1,0,0,0,0,0,0,0,0,0,0,0,0,0,0,6,460,741,1,1,9,4,0
9,1,1,0,0,0,0,0,1,0,1,0,0,0,0,0,0,0,0,1,0,0,0,0,0,0,122,1157,1682,1,1,10,4,0
9,1,1,0,0,0,0,0,1,0,1,0,0,0,0,0,0,0,0,1,0,0,0,0,0,0,53,63,602,1,1,10,4,1
9,2,1,0,0,0,0,0,1,1,0,1,0,0,0,0,0,0,0,0,0,0,0,0,0,0,152,241,282,1,1,10,5,0
9,3,1,1,0,0,0,0,0,0,1,0,0,0,0,0,0,0,0,0,0,0,0,0,0,0,109,870,1262,2,2,-1,4,0
9,76,1,1,0,0,0,0,0,0,0,0,0,0,0,0,0,0,1,0,0,0,0,0,0,0,35,37,60,2,2,4,5,0
9,6,1,1,0,0,0,0,0,0,0,0,0,1,0,0,0,0,0,0,0,0,0,0,0,0,40,416,533,1,1,10,4,0
9,2,1,0,0,0,0,0,1,1,0,1,0,0,0,0,0,0,0,0,0,0,0,0,0,0,109,1390,171,1,1,10,4,0
9,3,1,1,0,0,0,0,0,0,1,0,0,0,0,0,0,0,0,0,0,0,0,0,0,0,43,51,55,2,2,6,4,0
9,3,1,1,0,0,0,0,0,0,1,0,0,0,0,0,0,0,0,0,0,0,0,0,0,0,83,108,118,2,2,-1,4,0
9,4,1,1,0,0,0,0,0,0,1,0,0,0,0,0,0,0,0,0,0,0,0,0,0,0,40,574,770,2,2,4,4,0
9,19,1,1,0,0,0,0,0,0,1,0,0,0,0,0,0,0,0,0,0,0,0,0,0,0,32,336,415,2,2,-1,4,0
9,13,1,1,0,0,0,0,0,0,1,0,0,0,0,0,0,0,0,0,1,1,0,0,0,0,58,72,78,1,1,10,4,0
9,1,1,0,0,0,0,0,1,0,1,0,0,0,0,0,0,0,0,1,0,0,0,0,0,0,191,214,1127,2,2,-1,4,0
9,2,1,0,0,0,0,0,1,1,0,1,0,0,0,0,0,0,0,0,0,0,0,0,0,0,3,134,2063,1,1,10,5,0
9,2,1,0,0,0,0,0,1,1,0,1,0,0,0,0,0,0,0,0,0,0,0,0,0,0,2,2,735,1,1,10,4,0
9,2,1,0,0,0,0,0,1,1,0,1,0,0,0,0,0,0,0,0,0,0,0,0,0,0,132,194,222,1,1,10,4,0
9,1,1,0,0,0,0,0,1,0,1,0,0,0,0,0,0,0,0,1,0,0,0,0,0,0,150,234,573,1,1,10,4,0
9,1,1,0,0,0,0,0,1,0,1,0,0,0,0,0,0,0,0,1,0,0,0,0,0,0,105,143,1125,1,1,10,4,0
9,1,1,0,0,0,0,0,1,0,1,0,0,0,0,0,0,0,0,1,0,0,0,0,0,0,40,1331,1863,1,1,10,4,0
9,12,1,1,0,0,0,0,0,0,1,0,0,0,0,0,0,0,0,0,0,0,0,0,0,0,150,234,584,1,1,10,4,0
9,3,1,1,0,0,0,0,0,0,1,0,0,0,0,0,0,0,0,0,0,0,0,0,0,0,17,17,54,2,2,6,4,0
9,2,1,0,0,0,0,0,1,1,0,1,0,0,0,0,0,0,0,0,0,0,0,0,0,0,91,503,557,1,1,10,4,1
9,10,1,1,0,0,0,0,0,0,1,0,0,0,0,0,0,0,0,1,0,0,0,0,0,0,62,76,83,1,1,10,4,0
9,3,1,1,0,0,0,0,0,0,1,0,0,0,0,0,0,0,0,0,0,0,0,0,0,0,24,24,25,2,2,6,5,0
9,2,1,0,0,0,0,0,1,1,0,1,0,0,0,0,0,0,0,0,0,0,0,0,0,0,34,1552,2068,1,1,10,4,0
9,1,1,0,0,0,0,0,1,0,1,0,0,0,0,0,0,0,0,1,0,0,0,0,0,0,65,83,91,1,1,9,4,0
9,2,1,0,0,0,0,0,1,1,0,1,0,0,0,0,0,0,0,0,0,0,0,0,0,0,123,177,198,1,1,10,4,1
9,8,1,1,0,0,0,0,0,0,1,0,0,0,0,0,0,0,0,0,0,0,0,0,0,0,140,207,373,1,1,10,5,0
9,19,1,1,0,0,0,0,0,0,1,0,0,0,0,0,0,0,0,0,0,0,0,0,0,0,71,91,99,1,1,10,4,0
9,13,1,1,0,0,0,0,0,0,1,0,0,0,0,0,0,0,0,0,1,1,0,0,0,0,98,1019,1505,1,1,10,4,1
9,3,1,1,0,0,0,0,0,0,1,0,0,0,0,0,0,0,0,0,0,0,0,0,0,0,24,24,25,1,1,10,4,0
9,3,1,1,0,0,0,0,0,0,1,0,0,0,0,0,0,0,0,0,0,0,0,0,0,0,77,100,110,1,1,10,4,0
9,2,1,0,0,0,0,0,1,1,0,1,0,0,0,0,0,0,0,0,0,0,0,0,0,0,81,1556,774,1,1,10,4,0
9,2,1,0,0,0,0,0,1,1,0,1,0,0,0,0,0,0,0,0,0,0,0,0,0,0,98,1019,1505,2,2,6,4,0
9,11,1,0,0,0,0,0,0,0,1,0,0,0,0,0,0,0,0,1,0,0,0,0,0,0,65,83,91,1,1,10,5,0
9,7,1,1,0,0,0,0,0,0,0,0,0,1,0,0,0,0,0,0,0,0,0,0,0,0,134,917,1341,1,1,10,4,0
9,1,1,0,0,0,0,0,1,0,1,0,0,0,0,0,0,0,0,1,0,0,0,0,0,0,92,456,594,1,1,10,4,0
9,3,1,1,0,0,0,0,0,0,1,0,0,0,0,0,0,0,0,0,0,0,0,0,0,0,137,397,853,1,1,10,4,0
9,3,1,1,0,0,0,0,0,0,1,0,0,0,0,0,0,0,0,0,0,0,0,0,0,0,120,497,656,2,2,-1,4,0
9,2,1,0,0,0,0,0,1,1,0,1,0,0,0,0,0,0,0,0,0,0,0,0,0,0,148,226,642,1,1,10,4,0
9,3,1,1,0,0,0,0,0,0,1,0,0,0,0,0,0,0,0,0,0,0,0,0,0,0,192,592,802,2,2,-1,4,0
9,2,1,0,0,0,0,0,1,1,0,1,0,0,0,0,0,0,0,0,0,0,0,0,0,0,6,324,400,1,1,10,4,1
9,1,1,0,0,0,0,0,1,0,1,0,0,0,0,0,0,0,0,1,0,0,0,0,0,0,105,143,158,2,2,6,4,0
9,5,0,0,0,0,0,0,0,0,0,0,0,0,0,0,0,0,0,0,0,0,0,0,0,1,73,93,101,1,1,10,4,0
9,5,1,0,0,0,0,0,1,0,0,0,0,0,0,0,0,0,1,0,0,0,0,0,0,0,192,742,1057,2,2,6,4,0
9,9,1,1,1,0,0,0,1,1,1,1,0,1,0,0,0,1,1,1,1,1,0,0,0,0,7,7,7,2,2,-1,4,0
9,1,1,0,0,0,0,0,1,0,1,0,0,0,0,0,0,0,0,1,0,0,0,0,0,0,175,339,418,1,1,10,4,0
9,4,1,1,0,0,0,0,0,0,1,0,0,1,0,0,0,0,0,0,0,1,0,0,0,0,7,7,7,1,1,10,4,0
9,1,1,0,0,0,0,0,1,0,1,0,0,0,0,0,0,0,0,1,0,0,0,0,0,0,102,138,1425,1,1,10,4,0
9,21,1,1,0,0,0,0,0,0,0,0,0,1,0,0,0,0,1,0,0,0,0,0,0,0,-1,-1,-1,1,1,10,4,0
9,2,1,0,0,0,0,0,1,1,0,1,0,0,0,0,0,0,0,0,0,0,0,0,0,0,36,39,1453,1,1,10,4,0
9,2,1,0,0,0,0,0,1,1,0,1,0,0,0,0,0,0,0,0,0,0,0,0,0,0,151,515,679,1,1,10,5,0
9,1,1,0,0,0,0,0,1,0,1,0,0,0,0,0,0,0,0,1,0,0,0,0,0,0,156,264,793,1,1,10,4,0
9,6,1,1,0,0,0,0,0,0,0,0,0,1,0,0,0,0,0,0,0,0,0,0,0,0,106,317,648,1,1,10,4,0
9,3,1,1,0,0,0,0,0,0,1,0,0,0,0,0,0,0,0,0,0,0,0,0,0,0,51,61,66,2,2,5,4,0
9,1,1,0,0,0,0,0,1,0,1,0,0,0,0,0,0,0,0,1,0,0,0,0,0,0,145,449,586,1,1,10,4,0
9,1,1,0,0,0,0,0,1,0,1,0,0,0,0,0,0,0,0,1,0,0,0,0,0,0,77,674,946,2,2,-1,4,0
9,1,1,0,0,0,0,0,1,0,1,0,0,0,0,0,0,0,0,1,0,0,0,0,0,0,29,366,460,1,1,10,4,0
9,13,1,1,0,0,0,0,0,0,1,0,0,0,0,0,0,0,0,0,1,1,0,0,0,0,138,205,809,1,1,10,4,0
9,1,1,0,0,0,0,0,1,0,1,0,0,0,0,0,0,0,0,1,0,0,0,0,0,0,140,207,373,1,1,10,4,0
9,1,1,0,0,0,0,0,1,0,1,0,0,0,0,0,0,0,0,1,0,0,0,0,0,0,31,33,1044,1,1,10,4,0
9,3,1,1,0,0,0,0,0,0,1,0,0,0,0,0,0,0,0,0,0,0,0,0,0,0,152,241,282,1,1,10,4,0
9,1,1,0,0,0,0,0,1,0,1,0,0,0,0,0,0,0,0,1,0,0,0,0,0,0,85,203,231,1,1,10,4,0
9,5,1,0,0,0,0,0,1,0,0,0,0,0,0,0,0,0,1,0,0,0,0,0,0,0,70,164,184,1,1,10,5,0
9,16,1,1,0,0,0,0,1,0,1,1,0,0,0,0,0,0,0,0,0,0,0,0,0,0,7,7,7,2,2,6,4,1
9,1,1,0,0,0,0,0,1,0,1,0,0,0,0,0,0,0,0,1,0,0,0,0,0,0,119,209,721,2,2,-1,4,0
9,1,1,0,0,0,0,0,1,0,1,0,0,0,0,0,0,0,0,1,0,0,0,0,0,0,36,39,1008,1,1,9,4,0
9,6,1,1,0,0,0,0,0,0,0,0,0,1,0,0,0,0,0,0,0,0,0,0,0,0,54,64,69,1,1,10,4,0
9,21,1,1,0,0,0,0,0,0,0,0,0,1,0,0,0,0,1,0,0,0,0,0,0,0,36,39,42,1,1,10,4,0
9,8,1,1,0,0,0,0,0,0,1,0,0,0,0,0,0,0,0,0,0,0,0,0,0,0,7,7,7,2,2,5,5,0
9,1,1,0,0,0,0,0,1,0,1,0,0,0,0,0,0,0,0,1,0,0,0,0,0,0,43,51,55,1,1,9,5,0
9,2,1,0,0,0,0,0,1,1,0,1,0,0,0,0,0,0,0,0,0,0,0,0,0,0,123,177,198,1,1,9,4,0
9,1,1,0,0,0,0,0,1,0,1,0,0,0,0,0,0,0,0,1,0,0,0,0,0,0,111,155,174,1,1,9,4,0
9,16,1,1,0,0,0,0,1,0,1,1,0,0,0,0,0,0,0,0,0,0,0,0,0,0,21,21,1277,2,2,-1,4,0
9,14,1,0,0,0,0,0,0,0,0,0,0,0,0,0,0,0,0,0,0,0,0,0,0,0,8,8,20,1,1,10,4,0
9,1,1,0,0,0,0,0,1,0,1,0,0,0,0,0,0,0,0,1,0,0,0,0,0,0,144,712,1001,1,1,10,4,0
9,6,1,1,0,0,0,0,0,0,0,0,0,1,0,0,0,0,0,0,0,0,0,0,0,0,23,23,1162,1,1,10,4,0
9,1,1,0,0,0,0,0,1,0,1,0,0,0,0,0,0,0,0,1,0,0,0,0,0,0,157,1570,2079,1,1,10,4,0
9,1,1,0,0,0,0,0,1,0,1,0,0,0,0,0,0,0,0,1,0,0,0,0,0,0,154,253,299,1,1,10,5,0
9,8,1,1,0,0,0,0,0,0,1,0,0,0,0,0,0,0,0,0,0,0,0,0,0,0,-1,-1,-1,2,2,6,5,0
9,19,1,1,0,0,0,0,0,0,1,0,0,0,0,0,0,0,0,0,0,0,0,0,0,0,104,142,157,1,1,10,4,0
9,14,1,0,0,0,0,0,0,0,0,0,0,0,0,0,0,0,0,0,0,0,0,0,0,0,-1,-1,-1,2,2,5,4,0
10,1,1,0,0,0,0,0,1,0,1,0,0,0,0,0,0,0,0,1,0,0,0,0,0,0,24,24,711,1,1,10,4,0
10,1,1,0,0,0,0,0,1,0,1,0,0,0,0,0,0,0,0,1,0,0,0,0,0,0,14,520,690,1,1,10,4,0
10,21,1,1,0,0,0,0,1,1,1,0,0,1,0,0,0,0,1,0,0,0,0,0,0,0,-1,-1,-1,1,1,10,5,0
10,1,1,0,0,0,0,0,1,0,1,0,0,0,0,0,0,0,0,1,0,0,0,0,0,0,160,277,330,1,1,10,4,0
10,2,1,0,0,0,0,0,1,1,0,1,0,0,0,0,0,0,0,0,0,0,0,0,0,0,186,422,543,1,1,10,4,0
10,1,1,0,0,0,0,0,1,0,1,0,0,0,0,0,0,0,0,1,0,0,0,0,0,0,100,306,368,1,1,9,5,0
10,1,1,0,0,0,0,0,1,0,1,0,0,0,0,0,0,0,0,1,0,0,0,0,0,0,33,258,308,1,1,10,4,0
10,21,1,1,1,0,0,0,1,1,1,0,0,1,0,0,0,0,1,0,0,1,0,0,0,0,35,37,510,2,2,4,5,0
10,1,1,0,0,0,0,0,1,0,1,0,0,0,0,0,0,0,0,1,0,0,0,0,0,0,42,185,1432,1,1,10,4,0
10,1,1,0,0,0,0,0,1,0,1,0,0,0,0,0,0,0,0,1,0,0,0,0,0,0,104,707,1803,1,1,10,4,1
10,1,1,0,0,0,0,0,1,0,1,0,0,0,0,0,0,0,0,1,0,0,0,0,0,0,100,306,368,1,1,10,4,0
10,1,1,0,0,0,0,0,1,0,1,0,0,0,0,0,0,0,0,1,0,0,0,0,0,0,157,1570,2079,2,2,-1,4,0
10,6,1,1,0,0,0,0,0,0,0,0,0,1,0,0,0,0,0,0,0,0,0,0,0,0,46,55,1733,1,1,10,4,0
10,1,1,0,0,0,0,0,1,0,1,0,0,0,0,0,0,0,0,1,0,0,0,0,0,0,187,462,605,1,1,10,4,1
10,1,1,0,0,0,0,0,1,0,1,0,0,0,0,0,0,0,0,1,0,0,0,0,0,0,28,30,31,1,1,10,4,0
10,2,1,0,0,0,0,0,1,1,0,1,0,0,0,0,0,0,0,0,0,0,0,0,0,0,141,1127,1652,2,2,4,4,0
10,1,1,0,0,0,0,0,1,0,1,0,0,0,0,0,0,0,0,1,0,0,0,0,0,0,31,33,1073,1,1,10,4,0
10,1,1,0,0,0,0,0,1,0,1,0,0,0,0,0,0,0,0,1,0,0,0,0,0,0,60,621,850,1,1,10,4,0
10,1,1,0,0,0,0,0,1,0,1,0,0,0,0,0,0,0,0,1,0,0,0,0,0,0,31,33,1773,1,1,8,4,0
10,2,1,0,0,0,0,0,1,1,0,1,0,0,0,0,0,0,0,0,0,0,0,0,0,0,200,582,786,1,1,10,4,0
10,1,1,0,0,0,0,0,1,0,1,0,0,0,0,0,0,0,0,1,0,0,0,0,0,0,6,402,1589,1,1,10,4,1
10,1,1,0,0,0,0,0,1,0,1,0,0,0,0,0,0,0,0,1,0,0,0,0,0,0,167,359,447,1,1,10,4,0
10,2,1,0,0,0,0,0,1,1,0,1,0,0,0,0,0,0,0,0,0,0,0,0,0,0,61,793,1149,1,1,8,5,0
10,1,1,0,0,0,0,0,1,0,1,0,0,0,0,0,0,0,0,1,0,0,0,0,0,0,5,428,889,1,1,8,4,0
10,1,1,0,0,0,0,0,1,0,1,0,0,0,0,0,0,0,0,1,0,0,0,0,0,0,112,483,635,1,1,10,5,0
10,2,1,0,0,0,0,0,1,1,0,1,0,0,0,0,0,0,0,0,0,0,0,0,0,0,16,16,16,1,1,10,5,0
10,1,1,0,0,0,0,0,1,0,1,0,0,0,0,0,0,0,0,1,0,0,0,0,0,0,92,1070,1569,1,1,10,4,0
10,3,1,1,0,0,0,0,0,0,1,0,0,0,0,0,0,0,0,0,0,0,0,0,0,0,76,97,181,1,1,9,4,0
10,2,1,0,0,0,0,0,1,1,0,1,0,0,0,0,0,0,0,0,0,0,0,0,0,0,140,207,380,1,1,10,4,1
10,10,1,1,0,0,0,0,0,0,1,0,0,0,0,0,0,0,0,1,0,0,0,0,0,0,39,42,45,1,1,10,4,0
10,30,0,1,0,0,0,0,0,1,0,0,0,0,0,0,0,0,0,0,0,0,0,0,0,0,34,48,1559,1,1,9,5,0
10,1,1,0,0,0,0,0,1,0,1,0,0,0,0,0,0,0,0,1,0,0,0,0,0,0,71,91,99,1,1,10,4,0
10,2,1,0,0,0,0,0,1,1,0,1,0,0,0,0,0,0,0,0,0,0,0,0,0,0,98,1586,637,1,1,10,4,0
10,1,1,0,0,0,0,0,1,0,1,0,0,0,0,0,0,0,0,1,0,0,0,0,0,0,11,11,11,1,1,10,4,0
10,3,1,1,0,0,0,0,0,0,1,0,0,0,0,0,0,0,0,0,0,0,0,0,0,0,18,800,1160,1,1,10,4,0
10,2,1,0,0,0,0,0,1,1,0,1,0,0,0,0,0,0,0,0,0,0,0,0,0,0,32,829,1227,1,1,10,4,0
10,8,1,1,0,0,0,0,0,0,1,0,0,0,0,0,0,0,0,0,0,0,0,0,0,0,29,180,201,2,2,5,5,0
10,1,1,0,0,0,0,0,1,0,1,0,0,0,0,0,0,0,0,1,0,0,0,0,0,0,139,206,236,1,1,10,4,0
10,1,1,0,0,0,0,0,1,0,1,0,0,0,0,0,0,0,0,1,0,0,0,0,0,0,64,80,87,1,1,10,4,0
10,3,1,1,0,0,0,0,0,0,1,0,0,0,0,0,0,0,0,0,0,0,0,0,0,0,81,198,226,2,2,-1,4,0
10,3,1,1,0,0,0,0,0,0,1,0,0,0,0,0,0,0,0,0,0,0,0,0,0,0,18,315,385,2,2,5,4,0
10,18,0,1,0,0,0,0,0,1,0,0,0,0,0,0,0,0,0,0,0,0,0,0,0,0,27,29,1258,2,2,-1,4,0
10,1,1,0,0,0,0,0,1,0,1,0,0,0,0,0,0,0,0,1,0,0,0,0,0,0,158,272,322,1,1,9,4,0
10,12,1,1,0,0,0,0,0,0,1,0,0,0,0,0,0,0,0,0,0,0,0,0,0,0,96,577,773,1,1,10,4,0
10,2,1,0,0,0,0,0,1,1,0,1,0,0,0,0,0,0,0,0,0,0,0,0,0,0,97,127,220,1,1,10,5,0
10,6,1,1,0,0,0,0,0,0,0,0,0,1,0,0,0,0,0,0,0,0,0,0,0,0,107,937,1371,1,1,10,5,0
10,1,1,0,0,0,0,0,1,0,1,0,0,0,0,0,0,0,0,1,0,0,0,0,0,0,142,215,1594,1,1,10,4,0
10,3,1,1,0,0,0,0,0,0,1,0,0,0,0,0,0,0,0,0,0,0,0,0,0,0,31,33,34,2,2,5,4,0
10,13,1,1,0,0,0,0,0,0,1,0,0,0,0,0,0,0,0,0,1,1,0,0,0,0,6,214,897,1,1,10,4,0
10,27,1,1,1,0,1,0,1,1,1,1,0,1,0,1,0,1,1,1,1,1,0,0,0,0,21,21,202,2,2,4,5,0
10,1,1,0,0,0,0,0,1,0,1,0,0,0,0,0,0,0,0,1,0,0,0,0,0,0,211,1595,2100,1,1,10,4,0
10,2,1,0,0,0,0,0,1,1,0,1,0,0,0,0,0,0,0,0,0,0,0,0,0,0,14,260,310,1,1,10,4,0
10,1,1,0,0,0,0,0,1,0,1,0,0,0,0,0,0,0,0,1,0,0,0,0,0,0,6,448,583,1,1,10,4,0
10,1,1,0,0,0,0,0,1,0,1,0,0,0,0,0,0,0,0,1,0,0,0,0,0,0,24,24,25,1,1,10,4,1
10,1,1,0,0,0,0,0,1,0,1,0,0,0,0,0,0,0,0,1,0,0,0,0,0,0,192,592,802,1,1,10,4,1
10,2,1,0,0,0,0,0,1,1,0,1,0,0,0,0,0,0,0,0,0,0,0,0,0,0,28,30,944,1,1,10,4,0
10,1,1,0,0,0,0,0,1,0,1,0,0,0,0,0,0,0,0,1,0,0,0,0,0,0,155,255,1471,1,1,10,4,0
10,3,1,1,0,0,0,0,0,0,1,0,0,0,0,0,0,0,0,0,0,0,0,0,0,0,6,523,693,1,1,10,4,0
10,3,1,1,0,0,0,0,0,0,1,0,0,0,0,0,0,0,0,0,0,0,0,0,0,0,41,90,98,2,2,4,4,0
10,18,0,1,0,0,0,0,0,1,0,0,0,0,0,0,0,0,0,0,0,0,0,0,0,0,7,7,7,1,1,10,5,0
10,1,1,0,0,0,0,0,1,0,1,0,0,0,0,0,0,0,0,1,0,0,0,0,0,0,39,42,152,1,1,8,4,0
10,1,1,0,0,0,0,0,1,0,1,0,0,0,0,0,0,0,0,1,0,0,0,0,0,0,21,21,202,1,1,9,4,0
10,3,1,1,0,0,0,0,0,0,1,0,0,0,0,0,0,0,0,0,0,0,0,0,0,0,63,77,84,1,1,10,4,0
10,4,1,1,0,0,0,0,0,0,1,0,0,0,0,0,0,0,0,0,0,0,0,0,0,0,101,136,147,1,1,10,4,0
10,1,1,0,0,0,0,0,1,0,1,0,0,0,0,0,0,0,0,1,0,0,0,0,0,0,59,299,357,1,1,10,4,0
10,2,1,0,0,0,0,0,1,1,0,1,0,0,0,0,0,0,0,0,0,0,0,0,0,0,51,304,366,1,1,10,4,0
10,8,1,1,0,0,0,0,0,0,1,0,0,0,0,0,0,0,0,0,0,0,0,0,0,0,117,325,513,1,1,10,5,0
10,2,1,0,0,0,0,0,1,1,0,1,0,0,0,0,0,0,0,0,0,0,0,0,0,0,4,906,1031,1,1,10,4,0
10,2,1,0,0,0,0,0,1,1,0,1,0,0,0,0,0,0,0,0,0,0,0,0,0,0,158,272,322,2,2,6,4,0
10,8,1,1,0,0,0,0,0,0,1,0,0,0,0,0,0,0,0,0,0,0,0,0,0,0,89,118,1226,2,2,6,5,0
10,16,1,1,0,0,0,0,1,0,1,1,0,0,0,0,0,0,0,0,0,0,0,0,0,0,32,245,286,1,1,9,5,0
10,9,1,1,1,0,0,0,1,1,1,1,0,1,0,0,0,1,1,1,1,1,0,0,0,0,36,39,1148,2,2,6,4,1
10,1,1,0,0,0,0,0,1,0,1,0,0,0,0,0,0,0,0,1,0,0,0,0,0,0,52,62,67,1,1,9,4,0
10,6,1,1,0,0,0,0,0,0,0,0,0,1,0,0,0,0,0,0,0,0,0,0,0,0,116,730,1029,1,1,10,4,1
10,1,1,0,0,0,0,0,1,0,1,0,0,0,0,0,0,0,0,1,0,0,0,0,0,0,202,589,797,1,1,10,4,0
10,2,1,0,0,0,0,0,1,1,0,1,0,0,0,0,0,0,0,0,0,0,0,0,0,0,151,235,1183,1,1,10,4,0
10,6,1,1,0,0,0,0,0,0,0,0,0,1,0,0,0,0,0,0,0,0,0,0,0,0,179,478,627,1,1,10,4,0
10,2,1,0,0,0,0,0,1,1,0,1,0,0,0,0,0,0,0,0,0,0,0,0,0,0,50,565,757,1,1,10,4,1
10,1,1,0,0,0,0,0,1,0,1,0,0,0,0,0,0,0,0,1,0,0,0,0,0,0,32,737,1042,1,1,10,4,0
10,1,1,0,0,0,0,0,1,0,1,0,0,0,0,0,0,0,0,1,0,0,0,0,0,0,131,575,425,1,1,10,4,0
10,13,1,1,0,0,0,0,0,0,1,0,0,0,0,0,0,0,0,0,1,1,0,0,0,0,-1,-1,-1,1,1,10,4,1
10,5,1,0,0,0,0,0,1,0,0,0,0,0,0,0,0,0,1,0,0,0,0,0,0,0,18,1040,1532,1,1,10,5,0
10,13,1,1,0,0,0,0,0,0,1,0,0,0,0,0,0,0,0,0,1,1,0,0,0,0,34,36,332,1,1,10,4,0
10,2,1,0,0,0,0,0,1,1,0,1,0,0,0,0,0,0,0,0,0,0,0,0,0,0,92,178,2037,1,1,10,4,0
10,3,1,1,0,0,0,0,0,0,1,0,0,0,0,0,0,0,0,0,0,0,0,0,0,0,170,375,476,2,2,6,5,0
10,2,1,0,0,0,0,0,1,1,0,1,0,0,0,0,0,0,0,0,0,0,0,0,0,0,37,197,225,1,1,9,4,0
10,2,1,0,0,0,0,0,1,1,0,1,0,0,0,0,0,0,0,0,0,0,0,0,0,0,40,82,89,1,1,9,4,0
10,8,1,1,0,0,0,0,0,0,1,0,0,0,0,0,0,0,0,0,0,0,0,0,0,0,33,302,364,2,2,5,5,1
10,1,1,0,0,0,0,0,1,0,1,0,0,0,0,0,0,0,0,1,0,0,0,0,0,0,110,153,172,1,1,10,5,0
10,3,1,1,0,0,0,0,0,0,1,0,0,0,0,0,0,0,0,0,0,0,0,0,0,0,18,315,385,2,2,-1,4,0
10,6,1,1,0,0,0,0,0,0,0,0,0,1,0,0,0,0,0,0,0,0,0,0,0,0,60,74,1831,1,1,10,4,0
10,1,1,0,0,0,0,0,1,0,1,0,0,0,0,0,0,0,0,1,0,0,0,0,0,0,33,35,36,1,1,10,4,1
10,1,1,0,0,0,0,0,1,0,1,0,0,0,0,0,0,0,0,1,0,0,0,0,0,0,74,94,102,1,1,10,4,1
10,5,1,0,0,0,0,0,1,0,0,0,0,0,0,0,0,0,1,0,0,0,0,0,0,0,33,99,849,2,2,6,4,0
10,2,1,0,0,0,0,0,1,1,0,1,0,0,0,0,0,0,0,0,0,0,0,0,0,0,3,528,700,1,1,10,4,1
10,1,1,0,0,0,0,0,1,0,1,0,0,0,0,0,0,0,0,1,0,0,0,0,0,0,119,209,721,1,1,9,4,0
11,2,1,0,0,0,0,0,1,1,0,1,0,0,0,0,0,0,0,0,0,0,0,0,0,0,125,287,340,1,1,10,4,0
11,4,1,1,0,0,0,0,0,0,1,0,0,0,0,0,0,0,0,0,0,0,0,0,0,0,88,116,126,1,1,10,4,0
11,2,1,0,0,0,0,0,1,1,0,1,0,0,0,0,0,0,0,0,0,0,0,0,0,0,18,78,85,2,2,-1,4,0
11,11,1,1,0,0,0,0,0,0,1,0,0,0,0,0,0,0,0,1,0,0,0,0,0,0,33,302,364,1,1,10,5,0
11,1,1,0,0,0,0,0,1,0,1,0,0,0,0,0,0,0,0,1,0,0,0,0,0,0,37,197,225,1,1,10,4,1
11,8,1,1,0,0,0,0,0,0,1,0,0,0,0,0,0,0,0,0,0,0,0,0,0,0,139,658,913,2,2,5,5,1
11,22,1,1,0,0,0,0,0,0,0,0,0,0,0,0,0,0,0,0,1,0,0,0,0,0,32,336,415,1,1,10,5,0
11,21,1,1,0,0,0,0,1,1,1,0,0,1,0,0,0,0,1,0,0,0,0,0,0,0,6,324,400,1,1,10,5,0
11,1,1,0,0,0,0,0,1,0,1,0,0,0,0,0,0,0,0,1,0,0,0,0,0,0,76,97,107,1,1,10,4,0
11,1,1,0,0,0,0,0,1,0,1,0,0,0,0,0,0,0,0,1,0,0,0,0,0,0,173,331,408,2,2,6,4,0
11,1,1,0,0,0,0,0,1,0,1,0,0,0,0,0,0,0,0,1,0,0,0,0,0,0,58,72,78,1,1,10,4,0
11,4,1,1,0,0,0,0,0,0,1,0,0,1,0,0,0,0,0,0,0,1,0,0,0,0,152,543,725,1,1,10,4,0
11,3,1,1,0,0,0,0,0,0,1,0,0,0,0,0,0,0,0,0,0,0,0,0,0,0,39,42,45,2,2,-1,5,0
11,1,1,0,0,0,0,0,1,0,1,0,0,0,0,0,0,0,0,1,0,0,0,0,0,0,50,60,1449,1,1,9,4,0
11,6,1,1,0,0,0,0,0,0,0,0,0,1,0,0,0,0,0,0,0,0,0,0,0,0,192,742,1057,1,1,10,4,0
11,1,1,0,0,0,0,0,1,0,1,0,0,0,0,0,0,0,0,1,0,0,0,0,0,0,41,559,748,1,1,10,4,0
11,2,1,0,0,0,0,0,1,1,0,1,0,0,0,0,0,0,0,0,0,0,0,0,0,0,110,239,328,2,2,6,4,0
11,21,1,1,1,0,1,0,1,1,1,1,0,1,0,0,0,0,1,0,1,1,0,0,0,0,191,622,851,1,1,10,5,0
11,3,1,1,0,0,0,0,0,0,1,0,0,0,0,0,0,0,0,0,0,0,0,0,0,0,13,13,13,2,2,6,4,0
11,1,1,0,0,0,0,0,1,0,1,0,0,0,0,0,0,0,0,1,0,0,0,0,0,0,41,411,526,1,1,9,4,0
11,1,1,0,0,0,0,0,1,0,1,0,0,0,0,0,0,0,0,1,0,0,0,0,0,0,4,512,675,1,1,10,4,0
11,2,1,0,0,0,0,0,1,1,0,1,0,0,0,0,0,0,0,0,0,0,0,0,0,0,3,236,275,1,1,10,4,1
11,3,1,1,0,0,0,0,0,0,1,0,0,0,0,0,0,0,0,0,0,0,0,0,0,0,41,411,526,2,2,4,4,0
11,3,1,1,0,0,0,0,0,0,1,0,0,0,0,0,0,0,0,0,0,0,0,0,0,0,141,212,387,2,2,4,5,0
11,3,1,1,0,0,0,0,0,0,1,0,0,0,0,0,0,0,0,0,0,0,0,0,0,0,29,391,497,2,2,6,4,0
11,3,1,1,0,0,0,0,0,0,1,0,0,0,0,0,0,0,0,0,0,0,0,0,0,0,3,528,700,2,2,6,4,0
11,4,1,1,0,0,0,0,0,0,1,0,0,0,0,0,0,0,0,0,0,0,0,0,0,0,40,243,548,1,1,10,4,0
11,1,1,0,0,0,0,0,1,0,1,0,0,0,0,0,0,0,0,1,0,0,0,0,0,0,192,742,1057,1,1,10,4,0
11,3,1,1,0,0,0,0,0,0,1,0,0,0,0,0,0,0,0,0,0,0,0,0,0,0,101,263,313,1,1,10,4,0
11,2,1,0,0,0,0,0,1,1,0,1,0,0,0,0,0,0,0,0,0,0,0,0,0,0,4,252,298,1,1,10,4,0
11,2,1,0,0,0,0,0,1,1,0,1,0,0,0,0,0,0,0,0,0,0,0,0,0,0,54,64,69,2,2,-1,4,0
11,2,1,0,0,0,0,0,1,1,0,1,0,0,0,0,0,0,0,0,0,0,0,0,0,0,131,192,219,1,1,8,4,0
11,16,1,1,0,0,0,0,1,0,1,1,0,0,0,0,0,0,0,0,0,0,0,0,0,0,52,62,1152,2,2,6,4,0
11,2,1,0,0,0,0,0,1,1,0,1,0,0,0,0,0,0,0,0,0,0,0,0,0,0,124,211,244,2,2,6,4,0
11,1,1,0,0,0,0,0,1,0,1,0,0,0,0,0,0,0,0,1,0,0,0,0,0,0,199,926,1354,1,1,10,4,0
11,3,1,1,0,0,0,0,0,0,1,0,0,0,0,0,0,0,0,0,0,0,0,0,0,0,27,544,727,2,2,-1,4,0
11,2,1,0,0,0,0,0,1,1,0,1,0,0,0,0,0,0,0,0,0,0,0,0,0,0,89,118,128,1,1,10,5,0
11,1,1,0,0,0,0,0,1,0,1,0,0,0,0,0,0,0,0,1,0,0,0,0,0,0,100,352,433,1,1,10,4,0
11,1,1,0,0,0,0,0,1,0,1,0,0,0,0,0,0,0,0,1,0,0,0,0,0,0,6,246,287,1,1,10,4,0
11,16,1,1,0,0,0,0,1,0,1,1,0,0,0,0,0,0,0,0,0,0,0,0,0,0,3,728,1025,2,2,6,4,0
11,1,1,0,0,0,0,0,1,0,1,0,0,0,0,0,0,0,0,1,0,0,0,0,0,0,80,104,114,1,1,9,4,0
11,20,1,1,0,0,0,0,0,0,1,0,0,1,0,0,0,0,0,0,0,0,0,0,0,0,176,1079,1582,1,1,10,5,0
11,8,1,1,0,0,0,0,0,0,1,0,0,0,0,0,0,0,0,0,0,0,0,0,0,0,7,7,7,2,2,-1,4,0
11,13,1,1,0,0,0,0,0,0,1,0,0,0,0,0,0,0,0,0,1,1,0,0,0,0,153,702,981,1,1,10,4,1
11,21,1,1,0,0,0,0,0,1,1,0,0,1,0,0,0,0,1,0,0,0,0,0,0,0,191,859,1244,1,1,10,5,0
11,2,1,0,0,0,0,0,1,1,0,1,0,0,0,0,0,0,0,0,0,0,0,0,0,0,34,48,51,2,2,-1,4,0
11,8,1,1,0,0,0,0,0,0,1,0,0,0,0,0,0,0,0,0,0,0,0,0,0,0,65,83,91,1,1,10,5,0
11,2,1,0,0,0,0,0,1,1,0,1,0,0,0,0,0,0,0,0,0,0,0,0,0,0,166,380,482,1,1,10,4,0
11,2,1,0,0,0,0,0,1,1,0,1,0,0,0,0,0,0,0,0,0,0,0,0,0,0,31,33,1110,1,1,9,4,0
11,5,1,0,0,0,0,0,1,0,0,0,0,0,0,0,0,0,1,0,0,0,0,0,0,0,40,131,142,1,1,10,5,0
11,2,1,0,0,0,0,0,1,1,0,1,0,0,0,0,0,0,0,0,0,0,0,0,0,0,201,908,1323,1,1,10,4,0
11,3,1,1,0,0,0,0,0,0,1,0,0,0,0,0,0,0,0,0,0,0,0,0,0,0,5,5,5,2,2,-1,4,0
11,3,1,1,0,0,0,0,0,0,1,0,0,0,0,0,0,0,0,0,0,0,0,0,0,0,6,523,693,2,2,5,4,0
11,1,1,0,0,0,0,0,1,0,1,0,0,0,0,0,0,0,0,1,0,0,0,0,0,0,120,497,656,1,1,10,4,0
11,1,1,0,0,0,0,0,1,0,1,0,0,0,0,0,0,0,0,1,0,0,0,0,0,0,123,177,198,1,1,10,4,0
11,8,1,1,0,0,0,0,0,0,1,0,0,0,0,0,0,0,0,0,0,0,0,0,0,0,3,236,275,2,2,5,5,0
11,1,1,0,0,0,0,0,1,0,1,0,0,0,0,0,0,0,0,1,0,0,0,0,0,0,15,15,205,1,1,10,4,0
11,3,1,1,0,0,0,0,0,0,1,0,0,0,0,0,0,0,0,0,0,0,0,0,0,0,150,234,1642,2,2,6,4,0
11,3,1,1,0,0,0,0,0,0,1,0,0,0,0,0,0,0,0,0,0,0,0,0,0,0,92,1071,1570,2,2,6,4,1
11,2,1,0,0,0,0,0,1,1,0,1,0,0,0,0,0,0,0,0,0,0,0,0,0,0,82,262,1494,1,1,10,4,0
11,2,1,0,0,0,0,0,1,1,0,1,0,0,0,0,0,0,0,0,0,0,0,0,0,0,55,606,865,1,1,9,4,0
11,1,1,0,0,0,0,0,1,0,1,0,0,0,0,0,0,0,0,1,0,0,0,0,0,0,124,552,738,1,1,10,5,0
11,3,1,1,0,0,0,0,0,0,1,0,0,0,0,0,0,0,0,0,0,0,0,0,0,0,111,155,174,2,2,4,4,0
11,1,1,0,0,0,0,0,1,0,1,0,0,0,0,0,0,0,0,1,0,0,0,0,0,0,95,125,136,1,1,10,4,0
11,1,1,0,0,0,0,0,1,0,1,0,0,0,0,0,0,0,0,1,0,0,0,0,0,0,93,122,1028,1,1,10,4,0
11,2,1,0,0,0,0,0,1,1,0,1,0,0,0,0,0,0,0,0,0,0,0,0,0,0,3,134,145,2,2,-1,4,0
11,1,1,0,0,0,0,0,1,0,1,0,0,0,0,0,0,0,0,1,0,0,0,0,0,0,148,226,441,2,2,6,4,0
11,1,1,0,0,0,0,0,1,0,1,0,0,0,0,0,0,0,0,1,0,0,0,0,0,0,134,455,592,1,1,10,4,0
11,5,1,0,0,0,0,0,1,0,0,0,0,0,0,0,0,0,1,0,0,0,0,0,0,0,91,778,1120,1,1,10,4,0
11,2,1,0,0,0,0,0,1,1,0,1,0,0,0,0,0,0,0,0,0,0,0,0,0,0,177,703,982,1,1,9,4,0
11,1,1,0,0,0,0,0,1,0,1,0,0,0,0,0,0,0,0,1,0,0,0,0,0,0,-1,-1,-1,1,1,9,4,1
11,2,1,0,0,0,0,0,1,1,0,1,0,0,0,0,0,0,0,0,0,0,0,0,0,0,16,16,671,1,1,10,5,0
11,1,1,0,0,0,0,0,1,0,1,0,0,0,0,0,0,0,0,1,0,0,0,0,0,0,52,62,67,1,1,10,5,0
11,1,1,0,0,0,0,0,1,0,1,0,0,0,0,0,0,0,0,1,0,0,0,0,0,0,62,615,840,1,1,10,4,0
11,3,1,1,0,0,0,0,0,0,1,0,0,0,0,0,0,0,0,0,0,0,0,0,0,0,17,17,54,2,2,6,4,0
11,1,1,0,0,0,0,0,1,0,1,0,0,0,0,0,0,0,0,1,0,0,0,0,0,0,160,916,1340,1,1,10,4,0
11,8,1,1,0,0,0,0,0,0,1,0,0,0,0,0,0,0,0,0,0,0,0,0,0,0,87,115,125,2,2,5,5,0
11,1,1,0,0,0,0,0,1,0,1,0,0,0,0,0,0,0,0,1,0,0,0,0,0,0,6,529,701,1,1,10,4,0
11,1,1,0,0,0,0,0,1,0,1,0,0,0,0,0,0,0,0,1,0,0,0,0,0,0,51,424,545,1,1,10,4,0
11,17,1,1,0,0,0,0,0,0,1,0,0,0,0,0,0,0,0,0,0,0,0,0,0,0,39,42,45,2,2,5,5,0
11,1,1,0,0,0,0,0,1,0,1,0,0,0,0,0,0,0,0,1,0,0,0,0,0,0,152,543,725,1,1,10,4,0
11,6,1,1,0,0,0,0,0,0,0,0,0,1,0,0,0,0,0,0,0,0,0,0,0,0,119,167,187,1,1,10,4,0
11,4,1,1,0,0,0,0,0,0,1,0,0,0,0,0,0,0,0,0,0,0,0,0,0,0,134,455,592,1,1,10,4,0
11,1,1,0,0,0,0,0,1,0,1,0,0,0,0,0,0,0,0,1,0,0,0,0,0,0,191,843,1221,1,1,10,4,0
11,1,1,0,0,0,0,0,1,0,1,0,0,0,0,0,0,0,0,1,0,0,0,0,0,0,29,891,1292,1,1,10,4,0
11,5,0,0,0,0,0,0,0,0,0,0,0,0,0,0,0,0,0,0,0,0,0,0,0,1,23,23,209,1,1,10,4,0
11,2,1,0,0,0,0,0,1,1,0,1,0,0,0,0,0,0,0,0,0,0,0,0,0,0,174,977,1431,1,1,10,4,1
11,3,1,1,0,0,0,0,0,0,1,0,0,0,0,0,0,0,0,0,0,0,0,0,0,0,31,33,1065,2,2,-1,4,0
11,3,1,1,0,0,0,0,0,0,1,0,0,0,0,0,0,0,0,0,0,0,0,0,0,0,51,304,366,1,1,10,4,0
11,21,1,1,0,0,0,0,0,1,1,0,0,1,0,0,0,0,1,0,0,0,0,0,0,0,148,226,265,2,2,6,5,0
11,2,1,0,0,0,0,0,1,1,0,1,0,0,0,0,0,0,0,0,0,0,0,0,0,0,50,60,843,1,1,10,4,1
11,1,1,0,0,0,0,0,1,0,1,0,0,0,0,0,0,0,0,1,0,0,0,0,0,0,14,256,754,1,1,10,4,0
11,2,1,0,0,0,0,0,1,1,0,1,0,0,0,0,0,0,0,0,0,0,0,0,0,0,179,581,781,1,1,10,5,0
14,1,1,0,0,0,0,0,1,0,1,0,0,0,0,0,0,0,0,1,0,0,0,0,0,0,131,575,425,1,1,10,4,0
14,2,1,0,0,0,0,0,1,1,0,1,0,0,0,0,0,0,0,0,0,0,0,0,0,0,37,197,225,1,1,9,4,0
14,3,1,1,0,0,0,0,0,0,1,0,0,0,0,0,0,0,0,0,0,0,0,0,0,0,92,1146,1672,1,1,9,4,0
14,2,1,0,0,0,0,0,1,1,0,1,0,0,0,0,0,0,0,0,0,0,0,0,0,0,80,104,114,1,1,10,4,0
14,1,1,0,0,0,0,0,1,0,1,0,0,0,0,0,0,0,0,1,0,0,0,0,0,0,181,398,615,1,1,10,4,0
14,3,1,1,0,0,0,0,0,0,1,0,0,0,0,0,0,0,0,0,0,0,0,0,0,0,59,73,79,1,1,10,4,0
14,4,1,1,0,0,0,0,0,0,1,0,0,0,0,0,0,0,0,0,0,0,0,0,0,0,72,183,207,1,1,10,4,0
14,27,1,1,1,0,1,0,1,1,1,1,0,1,0,1,0,1,1,1,1,1,0,0,0,0,63,77,779,1,1,9,5,0
14,1,1,0,0,0,0,0,1,0,1,0,0,0,0,0,0,0,0,1,0,0,0,0,0,0,156,264,599,1,1,10,4,0
14,1,1,0,0,0,0,0,1,0,1,0,0,0,0,0,0,0,0,1,0,0,0,0,0,0,100,352,433,1,1,10,4,0
14,1,1,0,0,0,0,0,1,0,1,0,0,0,0,0,0,0,0,1,0,0,0,0,0,0,-1,-1,-1,1,1,10,4,1
14,1,1,0,0,0,0,0,1,0,1,0,0,0,0,0,0,0,0,1,0,0,0,0,0,0,173,331,1852,1,1,10,4,0
14,2,1,0,0,0,0,0,1,1,0,1,0,0,0,0,0,0,0,0,0,0,0,0,0,0,205,1265,1800,1,1,9,4,0
14,1,1,0,0,0,0,0,1,0,1,0,0,0,0,0,0,0,0,1,0,0,0,0,0,0,109,870,1262,1,1,10,4,0
14,2,1,0,0,0,0,0,1,1,0,1,0,0,0,0,0,0,0,0,0,0,0,0,0,0,150,234,398,2,2,6,4,0
14,7,1,1,0,0,0,0,0,0,0,0,0,1,0,0,0,0,0,0,0,0,0,0,0,0,4,1631,1896,1,1,10,4,1
14,3,1,1,0,0,0,0,0,0,1,0,0,0,0,0,0,0,0,0,0,0,0,0,0,0,50,60,737,1,1,6,4,1
14,2,1,0,0,0,0,0,1,1,0,1,0,0,0,0,0,0,0,0,0,0,0,0,0,0,99,233,1186,2,2,-1,4,0
14,2,1,0,0,0,0,0,1,1,0,1,0,0,0,0,0,0,0,0,0,0,0,0,0,0,18,110,120,1,1,10,4,0
14,3,1,1,0,0,0,0,0,0,1,0,0,0,0,0,0,0,0,0,0,0,0,0,0,0,23,46,49,2,2,6,4,0
14,6,1,1,0,0,0,0,0,0,0,0,0,1,0,0,0,0,0,0,0,0,0,0,0,0,26,27,28,1,1,10,4,1
14,1,1,0,0,0,0,0,1,0,1,0,0,0,0,0,0,0,0,1,0,0,0,0,0,0,70,412,527,1,1,10,4,0
14,2,1,0,0,0,0,0,1,1,0,1,0,0,0,0,0,0,0,0,0,0,0,0,0,0,147,417,535,1,1,10,4,0
14,2,1,0,0,0,0,0,1,1,0,1,0,0,0,0,0,0,0,0,0,0,0,0,0,0,80,1064,1561,1,1,10,4,0
14,8,1,1,0,0,0,0,0,0,1,0,0,0,0,0,0,0,0,0,0,0,0,0,0,0,117,801,1164,2,2,4,5,0
14,2,1,0,0,0,0,0,1,1,0,1,0,0,0,0,0,0,0,0,0,0,0,0,0,0,63,77,779,1,1,10,4,0
14,4,1,1,0,0,0,0,0,0,1,0,0,0,0,0,0,0,0,0,0,0,0,0,0,0,100,306,368,1,1,10,4,0
14,3,1,1,0,0,0,0,0,0,1,0,0,0,0,0,0,0,0,0,0,0,0,0,0,0,7,7,7,1,1,10,4,1
14,2,1,0,0,0,0,0,1,1,0,1,0,0,0,0,0,0,0,0,0,0,0,0,0,0,120,169,469,1,1,10,4,0
14,18,0,1,0,0,0,0,0,1,0,0,0,0,0,0,0,0,0,0,0,0,0,0,0,0,127,188,215,2,2,6,5,0
14,6,1,1,0,0,0,0,0,0,0,0,0,1,0,0,0,0,0,0,0,0,0,0,0,0,65,83,91,1,1,10,4,0
14,1,1,0,0,0,0,0,1,0,1,0,0,0,0,0,0,0,0,1,0,0,0,0,0,0,31,33,34,2,2,6,4,0
14,8,1,1,0,0,0,0,0,0,1,0,0,0,0,0,0,0,0,0,0,0,0,0,0,0,2,2,2,2,2,5,5,0
14,5,1,0,0,0,0,0,1,0,0,0,0,0,0,0,0,0,1,0,0,0,0,0,0,0,31,33,836,1,1,10,5,0
14,1,1,0,0,0,0,0,1,0,1,0,0,0,0,0,0,0,0,1,0,0,0,0,0,0,10,148,165,1,1,10,5,0
14,4,1,1,0,0,0,0,0,0,1,0,0,0,0,0,0,0,0,0,0,0,0,0,0,0,44,52,56,1,1,10,4,0
14,1,1,0,0,0,0,0,1,0,1,0,0,0,0,0,0,0,0,1,0,0,0,0,0,0,130,814,1181,1,1,10,4,0
14,1,1,0,0,0,0,0,1,0,1,0,0,0,0,0,0,0,0,1,0,0,0,0,0,0,31,33,1065,1,1,10,4,0
14,6,1,1,0,0,0,0,0,0,0,0,0,1,0,0,0,0,0,0,0,0,0,0,0,0,39,42,45,1,1,10,4,0
14,2,1,0,0,0,0,0,1,1,0,1,0,0,0,0,0,0,0,0,0,0,0,0,0,0,6,1636,954,1,1,10,4,0
14,2,1,0,0,0,0,0,1,1,0,1,0,0,0,0,0,0,0,0,0,0,0,0,0,0,57,1638,2124,1,1,10,4,0
14,8,1,1,0,0,0,0,0,0,1,0,0,0,0,0,0,0,0,0,0,0,0,0,0,0,46,55,59,2,2,-1,5,0
14,3,1,1,0,0,0,0,0,0,1,0,0,0,0,0,0,0,0,0,0,0,0,0,0,0,2,2,2,2,2,5,4,0
14,2,1,0,0,0,0,0,1,1,0,1,0,0,0,0,0,0,0,0,0,0,0,0,0,0,185,420,541,1,1,9,4,0
14,3,1,1,0,0,0,0,0,0,1,0,0,0,0,0,0,0,0,0,0,0,0,0,0,0,44,52,56,2,2,5,5,0
14,3,1,1,0,0,0,0,0,0,1,0,0,0,0,0,0,0,0,0,0,0,0,0,0,0,134,231,270,1,1,10,4,0
14,6,1,1,0,0,0,0,0,0,0,0,0,1,0,0,0,0,0,0,0,0,0,0,0,0,18,315,385,1,1,10,4,0
14,6,1,1,0,0,0,0,0,0,0,0,0,1,0,0,0,0,0,0,0,0,0,0,0,0,4,66,71,1,1,10,4,0
14,6,1,1,0,0,0,0,0,0,0,0,0,1,0,0,0,0,0,0,0,0,0,0,0,0,187,462,605,1,1,7,4,0
14,2,1,0,0,0,0,0,1,1,0,1,0,0,0,0,0,0,0,0,0,0,0,0,0,0,6,79,924,1,1,10,5,0
14,1,1,0,0,0,0,0,1,0,1,0,0,0,0,0,0,0,0,1,0,0,0,0,0,0,52,953,1196,1,1,10,4,0
14,6,1,1,0,0,0,0,0,0,0,0,0,1,0,0,0,0,0,0,0,0,0,0,0,0,147,321,1451,2,2,-1,4,0
14,2,1,0,0,0,0,0,1,1,0,1,0,0,0,0,0,0,0,0,0,0,0,0,0,0,84,109,119,2,2,6,4,0
14,1,1,0,0,0,0,0,1,0,1,0,0,0,0,0,0,0,0,1,0,0,0,0,0,0,137,1058,1555,1,1,10,4,0
14,1,1,0,0,0,0,0,1,0,1,0,0,0,0,0,0,0,0,1,0,0,0,0,0,0,167,298,356,2,2,-1,4,0
14,13,1,1,0,0,0,0,0,0,1,0,0,0,0,0,0,0,0,0,1,1,0,0,0,0,-1,-1,-1,1,1,9,5,0
14,2,1,0,0,0,0,0,1,1,0,1,0,0,0,0,0,0,0,0,0,0,0,0,0,0,23,754,1365,2,2,6,4,0
14,3,1,1,0,0,0,0,0,0,1,0,0,0,0,0,0,0,0,0,0,0,0,0,0,0,50,619,845,1,1,10,4,0
14,2,1,0,0,0,0,0,1,1,0,1,0,0,0,0,0,0,0,0,0,0,0,0,0,0,111,155,174,1,1,9,4,0
14,1,1,0,0,0,0,0,1,0,1,0,0,0,0,0,0,0,0,1,0,0,0,0,0,0,65,83,91,1,1,9,5,0
14,8,1,1,0,0,0,0,0,0,1,0,0,0,0,0,0,0,0,0,0,0,0,0,0,0,122,314,383,2,2,4,5,0
14,3,1,1,0,0,0,0,0,0,1,0,0,0,0,0,0,0,0,0,0,0,0,0,0,0,121,174,195,2,2,-1,4,0
14,15,1,1,0,0,0,0,0,0,1,0,0,1,0,0,0,0,1,0,0,0,0,0,0,0,2,2,2,1,1,10,5,0
14,8,1,1,0,0,0,0,0,0,1,0,0,0,0,0,0,0,0,0,0,0,0,0,0,0,188,473,622,2,2,4,5,0
14,2,1,0,0,0,0,0,1,1,0,1,0,0,0,0,0,0,0,0,0,0,0,0,0,0,58,72,78,2,2,-1,4,1
14,6,1,1,0,0,0,0,0,0,0,0,0,1,0,0,0,0,0,0,0,0,0,0,0,0,143,217,252,1,1,10,5,0
14,2,1,0,0,0,0,0,1,1,0,1,0,0,0,0,0,0,0,0,0,0,0,0,0,0,59,73,1603,1,1,10,4,0
14,2,1,0,0,0,0,0,1,1,0,1,0,0,0,0,0,0,0,0,0,0,0,0,0,0,19,1479,1416,1,1,10,4,0
14,9,1,1,1,0,0,0,1,1,1,1,0,1,0,0,0,1,1,1,1,1,0,0,0,0,147,360,901,1,1,10,5,0
14,6,1,1,0,0,0,0,0,0,0,0,0,1,0,0,0,0,0,0,0,0,0,0,0,0,146,-1,258,1,1,10,4,0
14,6,1,1,0,0,0,0,0,0,0,0,0,1,0,0,0,0,0,0,0,0,0,0,0,0,12,673,945,1,1,10,4,0
14,2,1,0,0,0,0,0,1,1,0,1,0,0,0,0,0,0,0,0,0,0,0,0,0,0,36,53,57,1,1,10,4,0
14,5,1,0,0,0,0,0,1,0,0,0,0,0,0,0,0,0,1,0,0,0,0,0,0,0,69,836,1213,1,1,9,5,0
14,2,1,0,0,0,0,0,1,1,0,1,0,0,0,0,0,0,0,0,0,0,0,0,0,0,175,975,1429,1,1,10,4,0
14,2,1,0,0,0,0,0,1,1,0,1,0,0,0,0,0,0,0,0,0,0,0,0,0,0,81,105,115,1,1,10,4,0
16,1,1,0,0,0,0,0,1,0,1,0,0,0,0,0,0,0,0,1,0,0,0,0,0,0,40,131,142,1,1,10,4,0
16,2,1,0,0,0,0,0,1,1,0,1,0,0,0,0,0,0,0,0,0,0,0,0,0,0,60,899,1309,1,1,10,4,0
16,2,1,0,0,0,0,0,1,1,0,1,0,0,0,0,0,0,0,0,0,0,0,0,0,0,86,112,122,1,1,8,4,0
16,3,1,1,0,0,0,0,0,0,1,0,0,0,0,0,0,0,0,0,0,0,0,0,0,0,178,840,1218,2,2,6,4,0
16,2,1,0,0,0,0,0,1,1,0,1,0,0,0,0,0,0,0,0,0,0,0,0,0,0,18,1188,1717,2,2,6,4,0
16,2,1,0,0,0,0,0,1,1,0,1,0,0,0,0,0,0,0,0,0,0,0,0,0,0,31,33,34,1,1,10,5,0
16,21,1,1,0,0,0,0,0,1,1,0,0,1,0,0,0,0,1,0,0,0,0,0,0,0,90,1039,1531,1,1,9,5,0
16,3,1,1,0,0,0,0,0,0,1,0,0,0,0,0,0,0,0,0,0,0,0,0,0,0,57,865,1254,1,1,10,4,0
16,2,1,0,0,0,0,0,1,1,0,1,0,0,0,0,0,0,0,0,0,0,0,0,0,0,117,781,1128,1,1,9,4,0
16,6,1,1,0,0,0,0,0,0,0,0,0,1,0,0,0,0,0,0,0,0,0,0,0,0,199,926,1354,1,1,10,4,0
16,5,1,0,0,0,0,0,1,0,0,0,0,0,0,0,0,0,1,0,0,0,0,0,0,0,6,214,897,1,1,10,5,0
16,2,1,0,0,0,0,0,1,1,0,1,0,0,0,0,0,0,0,0,0,0,0,0,0,0,106,317,648,1,1,10,5,0
16,1,1,0,0,0,0,0,1,0,1,0,0,0,0,0,0,0,0,1,0,0,0,0,0,0,27,544,727,1,1,10,4,0
16,1,1,0,0,0,0,0,1,0,1,0,0,0,0,0,0,0,0,1,0,0,0,0,0,0,4,252,1410,1,1,10,4,0
16,3,1,1,0,0,0,0,0,0,1,0,0,0,0,0,0,0,0,0,0,0,0,0,0,0,152,305,367,1,1,10,4,0
16,19,1,1,0,0,0,0,0,0,1,0,0,0,0,0,0,0,0,0,0,0,0,0,0,0,-1,-1,-1,1,1,10,5,0
16,13,1,1,0,0,0,0,0,0,1,0,0,0,0,0,0,0,0,0,1,1,0,0,0,0,98,266,316,1,1,10,4,0
16,1,1,0,0,0,0,0,1,0,1,0,0,0,0,0,0,0,0,1,0,0,0,0,0,0,34,117,1045,1,1,10,4,0
16,2,1,0,0,0,0,0,1,1,0,1,0,0,0,0,0,0,0,0,0,0,0,0,0,0,57,461,604,1,1,9,5,0
16,3,1,1,0,0,0,0,0,0,1,0,0,0,0,0,0,0,0,0,0,0,0,0,0,0,179,376,477,1,1,8,4,0
16,2,1,0,0,0,0,0,1,1,0,1,0,0,0,0,0,0,0,0,0,0,0,0,0,0,60,1102,1614,1,1,10,4,0
16,6,1,1,0,0,0,0,0,0,0,0,0,1,0,0,0,0,0,0,0,0,0,0,0,0,79,102,112,1,1,10,4,0
16,1,1,0,0,0,0,0,1,0,1,0,0,0,0,0,0,0,0,1,0,0,0,0,0,0,147,1180,1709,1,1,10,4,0
16,2,1,0,0,0,0,0,1,1,0,1,0,0,0,0,0,0,0,0,0,0,0,0,0,0,60,599,815,1,1,10,4,0
16,3,1,1,0,0,0,0,0,0,1,0,0,0,0,0,0,0,0,0,0,0,0,0,0,0,21,21,1111,1,1,9,4,0
16,2,1,0,0,0,0,0,1,1,0,1,0,0,0,0,0,0,0,0,0,0,0,0,0,0,117,325,402,1,1,10,5,0
16,1,1,0,0,0,0,0,1,0,1,0,0,0,0,0,0,0,0,1,0,0,0,0,0,0,3,1483,2004,1,1,10,4,0
16,6,1,1,0,0,0,0,0,0,0,0,0,1,0,0,0,0,0,0,0,0,0,0,0,0,173,331,408,1,1,10,4,0
16,3,1,1,0,0,0,0,0,0,1,0,0,0,0,0,0,0,0,0,0,0,0,0,0,0,31,33,34,1,1,10,4,0
16,9,1,1,1,0,0,0,1,1,1,1,0,1,0,0,0,1,1,1,1,1,0,0,0,0,21,21,202,1,1,10,4,0
16,1,1,0,0,0,0,0,1,0,1,0,0,0,0,0,0,0,0,1,0,0,0,0,0,0,2,2,531,1,1,10,4,0
16,2,1,0,0,0,0,0,1,1,0,1,0,0,0,0,0,0,0,0,0,0,0,0,0,0,7,7,7,1,1,8,4,0
16,23,1,0,0,0,0,0,0,0,1,0,0,1,0,0,0,0,0,0,1,0,0,0,0,0,80,948,1392,1,1,10,4,0
16,13,1,1,0,0,0,0,0,0,1,0,0,0,0,0,0,0,0,0,1,1,0,0,0,0,29,1018,1504,1,1,10,4,0
16,2,1,0,0,0,0,0,1,1,0,1,0,0,0,0,0,0,0,0,0,0,0,0,0,0,92,381,484,1,1,10,4,0
16,2,1,0,0,0,0,0,1,1,0,1,0,0,0,0,0,0,0,0,0,0,0,0,0,0,137,1107,1621,2,2,-1,4,0
16,2,1,0,0,0,0,0,1,1,0,1,0,0,0,0,0,0,0,0,0,0,0,0,0,0,35,736,1041,1,1,10,4,0
16,2,1,0,0,0,0,0,1,1,0,1,0,0,0,0,0,0,0,0,0,0,0,0,0,0,66,309,371,1,1,10,4,1
16,2,1,0,0,0,0,0,1,1,0,1,0,0,0,0,0,0,0,0,0,0,0,0,0,0,38,41,295,1,1,8,5,0
16,3,1,1,0,0,0,0,0,0,1,0,0,0,0,0,0,0,0,0,0,0,0,0,0,0,70,412,527,2,2,-1,4,0
16,2,1,0,0,0,0,0,1,1,0,1,0,0,0,0,0,0,0,0,0,0,0,0,0,0,32,144,160,1,1,10,4,0
16,2,1,0,0,0,0,0,1,1,0,1,0,0,0,0,0,0,0,0,0,0,0,0,0,0,191,1088,1597,1,1,10,4,0
16,1,1,0,0,0,0,0,1,0,1,0,0,0,0,0,0,0,0,1,0,0,0,0,0,0,171,433,554,1,1,10,4,0
16,2,1,0,0,0,0,0,1,1,0,1,0,0,0,0,0,0,0,0,0,0,0,0,0,0,199,926,1354,1,1,10,4,0
16,1,1,0,0,0,0,0,1,0,1,0,0,0,0,0,0,0,0,1,0,0,0,0,0,0,33,470,618,1,1,10,4,0
16,3,1,1,0,0,0,0,0,0,1,0,0,0,0,0,0,0,0,0,0,0,0,0,0,0,23,389,494,2,2,5,5,0
16,3,1,1,0,0,0,0,0,0,1,0,0,0,0,0,0,0,0,0,0,0,0,0,0,0,42,49,52,1,1,10,4,0
16,23,1,0,0,0,0,0,0,0,1,0,0,1,0,0,0,0,0,0,1,0,0,0,0,0,91,120,130,2,2,-1,4,0
16,2,1,0,0,0,0,0,1,1,0,1,0,0,0,0,0,0,0,0,0,0,0,0,0,0,148,226,1312,1,1,9,4,0
16,8,1,1,0,0,0,0,0,0,1,0,0,0,0,0,0,0,0,0,0,0,0,0,0,0,6,6,6,2,2,-1,4,0
16,2,1,0,0,0,0,0,1,1,0,1,0,0,0,0,0,0,0,0,0,0,0,0,0,0,103,570,1163,2,2,6,4,0
16,23,1,0,0,0,0,0,0,0,1,0,0,1,0,0,0,0,0,0,1,0,0,0,0,0,98,196,257,1,1,10,4,0
16,12,1,1,0,0,0,0,0,0,1,0,0,0,0,0,0,0,0,0,0,0,0,0,0,0,122,175,196,2,2,-1,4,0
16,9,1,1,1,0,0,0,1,1,1,1,0,1,0,0,0,1,1,1,1,1,0,0,0,0,34,48,51,2,2,-1,4,0
16,16,1,1,0,0,0,0,1,0,1,1,0,0,0,0,0,0,0,0,0,0,0,0,0,0,7,7,7,2,2,-1,4,0
16,3,1,1,0,0,0,0,0,0,1,0,0,0,0,0,0,0,0,0,0,0,0,0,0,0,21,21,202,1,1,10,4,0
16,1,1,0,0,0,0,0,1,0,1,0,0,0,0,0,0,0,0,1,0,0,0,0,0,0,154,253,409,1,1,10,4,0
16,8,1,1,0,0,0,0,0,0,1,0,0,0,0,0,0,0,0,0,0,0,0,0,0,0,100,238,279,2,2,5,5,0
16,16,1,1,0,0,0,0,1,0,1,1,0,0,0,0,0,0,0,0,0,0,0,0,0,0,18,110,120,1,1,10,5,1
16,2,1,0,0,0,0,0,1,1,0,1,0,0,0,0,0,0,0,0,0,0,0,0,0,0,40,243,548,1,1,10,5,0
16,2,1,0,0,0,0,0,1,1,0,1,0,0,0,0,0,0,0,0,0,0,0,0,0,0,67,86,94,1,1,8,4,0
16,23,1,0,0,0,0,0,0,0,1,0,0,1,0,0,0,0,0,0,1,0,0,0,0,0,103,319,391,1,1,10,4,0
16,4,1,1,0,0,0,0,0,0,1,0,0,0,0,0,0,0,0,0,0,0,0,0,0,0,185,656,910,1,1,10,5,0
16,6,1,1,0,0,0,0,0,0,0,0,0,1,0,0,0,0,0,0,0,0,0,0,0,0,107,1659,2142,1,1,10,5,0
16,14,1,0,0,0,0,0,0,0,0,0,0,0,0,0,0,0,0,0,0,0,0,0,0,0,7,7,7,2,2,-1,4,0
16,2,1,0,0,0,0,0,1,1,0,1,0,0,0,0,0,0,0,0,0,0,0,0,0,0,44,52,1091,1,1,10,4,0
16,6,1,1,0,0,0,0,0,0,0,0,0,1,0,0,0,0,0,0,0,0,0,0,0,0,65,83,91,1,1,9,4,0
16,3,1,1,0,0,0,0,0,0,1,0,0,0,0,0,0,0,0,0,0,0,0,0,0,0,131,575,860,1,1,10,4,0
15,16,1,1,0,0,0,0,1,0,1,1,0,0,0,0,0,0,0,0,0,0,0,0,0,0,88,116,126,1,1,10,4,0
15,3,1,1,0,0,0,0,0,0,1,0,0,0,0,0,0,0,0,0,0,0,0,0,0,0,61,660,915,2,2,6,4,0
15,2,1,0,0,0,0,0,1,1,0,1,0,0,0,0,0,0,0,0,0,0,0,0,0,0,186,878,1273,1,1,10,4,0
15,1,1,0,0,0,0,0,1,0,1,0,0,0,0,0,0,0,0,1,0,0,0,0,0,0,44,52,56,1,1,10,4,0
15,1,1,0,0,0,0,0,1,0,1,0,0,0,0,0,0,0,0,1,0,0,0,0,0,0,79,102,112,1,1,10,4,0
15,3,1,1,0,0,0,0,0,0,1,0,0,0,0,0,0,0,0,0,0,0,0,0,0,0,93,1582,2090,2,2,-1,4,0
15,5,1,0,0,0,0,0,1,0,0,0,0,0,0,0,0,0,1,0,0,0,0,0,0,0,33,103,113,1,1,10,5,0
15,3,1,1,0,0,0,0,0,0,1,0,0,0,0,0,0,0,0,0,0,0,0,0,0,0,46,55,59,2,2,-1,4,0
15,3,1,1,0,0,0,0,0,0,1,0,0,0,0,0,0,0,0,0,0,0,0,0,0,0,205,1639,2125,1,1,10,4,0
15,2,1,0,0,0,0,0,1,1,0,1,0,0,0,0,0,0,0,0,0,0,0,0,0,0,193,505,664,1,1,10,4,0
15,2,1,0,0,0,0,0,1,1,0,1,0,0,0,0,0,0,0,0,0,0,0,0,0,0,95,415,530,2,2,-1,4,0
15,9,1,1,1,0,0,0,1,1,1,1,0,1,0,0,0,1,1,1,1,1,0,0,0,0,67,86,94,1,1,10,4,0
15,1,1,0,0,0,0,0,1,0,1,0,0,0,0,0,0,0,0,1,0,0,0,0,0,0,152,444,571,1,1,10,4,0
15,2,1,0,0,0,0,0,1,1,0,1,0,0,0,0,0,0,0,0,0,0,0,0,0,0,16,16,155,1,1,9,4,0
15,2,1,0,0,0,0,0,1,1,0,1,0,0,0,0,0,0,0,0,0,0,0,0,0,0,123,177,830,1,1,10,4,0
15,1,1,0,0,0,0,0,1,0,1,0,0,0,0,0,0,0,0,1,0,0,0,0,0,0,166,380,482,1,1,10,4,0
15,27,1,1,0,0,0,0,1,1,1,0,0,1,0,0,0,0,0,0,0,0,0,0,0,0,36,39,42,2,2,5,5,0
15,6,1,1,0,0,0,0,0,0,0,0,0,1,0,0,0,0,0,0,0,0,0,0,0,0,38,41,582,1,1,10,4,0
15,4,1,1,0,0,0,0,0,0,1,0,0,1,0,0,0,0,0,0,0,1,0,0,0,0,40,243,284,1,1,10,4,0
15,8,1,1,0,0,0,0,0,0,1,0,0,0,0,0,0,0,0,0,0,0,0,0,0,0,13,13,13,2,2,5,5,0
15,40,0,1,0,0,0,0,0,0,0,0,0,0,0,0,0,0,0,0,0,0,0,0,0,0,81,105,774,2,2,-1,4,0
15,6,1,1,0,0,0,0,0,0,0,0,0,1,0,0,0,0,0,0,0,0,0,0,0,0,32,336,415,1,1,10,4,0
15,18,0,1,0,0,0,0,0,1,0,0,0,0,0,0,0,0,0,0,0,0,0,0,0,0,68,173,194,1,1,10,5,0
15,2,1,0,0,0,0,0,1,1,0,1,0,0,0,0,0,0,0,0,0,0,0,0,0,0,98,856,1241,1,1,10,4,0
15,16,1,1,0,0,0,0,1,0,1,1,0,0,0,0,0,0,0,0,0,0,0,0,0,0,36,39,42,1,1,10,5,0
15,2,1,0,0,0,0,0,1,1,0,1,0,0,0,0,0,0,0,0,0,0,0,0,0,0,70,164,184,1,1,9,4,0
15,1,1,0,0,0,0,0,1,0,1,0,0,0,0,0,0,0,0,1,0,0,0,0,0,0,184,414,529,1,1,10,4,0
15,3,1,1,0,0,0,0,0,0,1,0,0,0,0,0,0,0,0,0,0,0,0,0,0,0,40,82,1194,2,2,4,4,0
15,1,1,0,0,0,0,0,1,0,1,0,0,0,0,0,0,0,0,1,0,0,0,0,0,0,130,191,218,1,1,10,5,0
15,1,1,0,0,0,0,0,1,0,1,0,0,0,0,0,0,0,0,1,0,0,0,0,0,0,175,264,668,1,1,10,4,0
15,3,1,1,0,0,0,0,0,0,1,0,0,0,0,0,0,0,0,0,0,0,0,0,0,0,99,233,272,1,1,10,4,0
15,13,1,1,0,0,0,0,0,0,1,0,0,0,0,0,0,0,0,0,1,1,0,0,0,0,22,22,23,1,1,10,4,0
15,1,1,0,0,0,0,0,1,0,1,0,0,0,0,0,0,0,0,1,0,0,0,0,0,0,101,136,147,1,1,10,4,0
15,2,1,0,0,0,0,0,1,1,0,1,0,0,0,0,0,0,0,0,0,0,0,0,0,0,52,648,900,1,1,10,4,0
15,20,1,1,0,0,0,0,0,0,1,0,0,1,0,0,0,0,0,0,0,0,0,0,0,0,141,212,256,1,1,10,5,0
15,2,1,0,0,0,0,0,1,1,0,1,0,0,0,0,0,0,0,0,0,0,0,0,0,0,107,869,1261,1,1,10,4,0
15,1,1,0,0,0,0,0,1,0,1,0,0,0,0,0,0,0,0,1,0,0,0,0,0,0,4,66,71,1,1,10,4,1
15,2,1,0,0,0,0,0,1,1,0,1,0,0,0,0,0,0,0,0,0,0,0,0,0,0,80,613,837,1,1,10,5,0
15,2,1,0,0,0,0,0,1,1,0,1,0,0,0,0,0,0,0,0,0,0,0,0,0,0,85,785,1134,1,1,10,4,0
15,6,1,1,0,0,0,0,0,0,0,0,0,1,0,0,0,0,0,0,0,0,0,0,0,0,132,393,499,1,1,10,4,0
15,2,1,0,0,0,0,0,1,1,0,1,0,0,0,0,0,0,0,0,0,0,0,0,0,0,57,1171,1697,1,1,10,4,0
15,1,1,0,0,0,0,0,1,0,1,0,0,0,0,0,0,0,0,1,0,0,0,0,0,0,89,118,917,1,1,10,4,0
15,1,1,0,0,0,0,0,1,0,1,0,0,0,0,0,0,0,0,1,0,0,0,0,0,0,24,24,711,1,1,10,4,0
15,21,1,1,0,0,0,0,0,1,1,0,0,1,0,0,0,0,1,0,0,0,0,0,0,0,91,778,2146,1,1,10,4,0
15,3,1,1,0,0,0,0,0,0,1,0,0,0,0,0,0,0,0,0,0,0,0,0,0,0,18,315,385,2,2,4,4,0
15,1,1,0,0,0,0,0,1,0,1,0,0,0,0,0,0,0,0,1,0,0,0,0,0,0,99,310,2034,1,1,10,4,0
15,18,0,1,0,0,0,0,0,1,0,0,0,0,0,0,0,0,0,0,0,0,0,0,0,0,24,24,711,1,1,10,4,0
15,3,1,1,0,0,0,0,0,0,1,0,0,0,0,0,0,0,0,0,0,0,0,0,0,0,21,21,22,2,2,-1,4,0
15,2,1,0,0,0,0,0,1,1,0,1,0,0,0,0,0,0,0,0,0,0,0,0,0,0,196,677,949,1,1,10,4,0
15,2,1,0,0,0,0,0,1,1,0,1,0,0,0,0,0,0,0,0,0,0,0,0,0,0,4,252,298,2,2,-1,4,0
15,13,1,1,0,0,0,0,0,0,1,0,0,0,0,0,0,0,0,0,1,1,0,0,0,0,55,1237,1770,1,1,10,4,0
15,88,1,1,0,0,0,0,0,0,1,0,0,1,0,0,0,0,0,0,0,0,0,0,0,0,72,183,776,1,1,10,5,0
15,7,1,1,0,0,0,0,0,0,0,0,0,1,0,0,0,0,0,0,0,0,0,0,0,0,117,801,1164,1,1,10,4,0
15,2,1,0,0,0,0,0,1,1,0,1,0,0,0,0,0,0,0,0,0,0,0,0,0,0,186,517,683,1,1,9,4,0
15,2,1,0,0,0,0,0,1,1,0,1,0,0,0,0,0,0,0,0,0,0,0,0,0,0,164,290,344,1,1,10,5,0
15,2,1,0,0,0,0,0,1,1,0,1,0,0,0,0,0,0,0,0,0,0,0,0,0,0,7,7,7,2,2,6,4,1
15,5,1,0,0,0,0,0,1,0,0,0,0,0,0,0,0,0,1,0,0,0,0,0,0,0,68,162,182,2,2,4,5,0
15,3,1,1,0,0,0,0,0,0,1,0,0,0,0,0,0,0,0,0,0,0,0,0,0,0,14,260,1048,2,2,6,4,1
15,2,1,0,0,0,0,0,1,1,0,1,0,0,0,0,0,0,0,0,0,0,0,0,0,0,167,359,447,1,1,10,4,0
15,3,1,1,0,0,0,0,0,0,1,0,0,0,0,0,0,0,0,0,0,0,0,0,0,0,50,139,150,1,1,10,4,0
15,3,1,1,0,0,0,0,0,0,1,0,0,0,0,0,0,0,0,0,0,0,0,0,0,0,139,450,587,2,2,-1,4,0
15,21,1,1,0,0,0,0,0,0,0,0,0,1,0,0,0,0,1,0,0,0,0,0,0,0,44,52,56,1,1,10,4,0
15,3,1,1,0,0,0,0,0,0,1,0,0,0,0,0,0,0,0,0,0,0,0,0,0,0,40,132,143,1,1,10,4,0
15,19,1,1,0,0,0,0,0,0,1,0,0,0,0,0,0,0,0,0,0,0,0,0,0,0,76,225,576,1,1,10,4,0
15,1,1,0,0,0,0,0,1,0,1,0,0,0,0,0,0,0,0,1,0,0,0,0,0,0,31,33,375,1,1,8,4,0
15,9,1,1,1,0,0,0,1,1,1,1,0,1,0,0,0,1,1,1,1,1,0,0,0,0,107,469,617,1,1,10,5,0
15,4,1,1,0,0,0,0,0,0,1,0,0,0,0,0,0,0,0,0,0,0,0,0,0,0,2,2,2,1,1,10,4,0
15,27,1,1,0,0,0,0,1,1,1,0,0,1,0,0,0,0,0,0,0,0,0,0,0,0,23,23,209,1,1,9,5,0
15,27,1,1,0,0,0,0,1,1,1,0,0,1,0,0,0,0,0,0,0,0,0,0,0,0,191,676,948,1,1,10,5,0
17,23,1,0,0,0,0,0,0,0,1,0,0,1,0,0,0,0,0,0,1,0,0,0,0,0,129,190,217,1,1,9,4,0
17,13,1,1,0,0,0,0,0,0,1,0,0,0,0,0,0,0,0,0,1,1,0,0,0,0,7,7,7,1,1,10,4,0
17,3,1,1,0,0,0,0,0,0,1,0,0,0,0,0,0,0,0,0,0,0,0,0,0,0,210,1214,1748,2,2,6,4,0
17,8,1,1,0,0,0,0,0,0,1,0,0,0,0,0,0,0,0,0,0,0,0,0,0,0,119,209,240,2,2,6,5,0
17,2,1,0,0,0,0,0,1,1,0,1,0,0,0,0,0,0,0,0,0,0,0,0,0,0,4,252,1410,1,1,10,4,0
17,4,1,1,0,0,0,0,0,0,1,0,0,1,0,0,0,0,0,0,0,1,0,0,0,0,148,226,265,1,1,10,4,0
17,1,1,0,0,0,0,0,1,0,1,0,0,0,0,0,0,0,0,1,0,0,0,0,0,0,141,212,256,1,1,10,4,0
17,8,1,1,0,0,0,0,0,0,1,0,0,0,0,0,0,0,0,0,0,0,0,0,0,0,54,369,465,2,2,4,5,1
17,30,0,1,0,0,0,0,0,1,0,0,0,0,0,0,0,0,0,0,0,0,0,0,0,0,64,1676,2154,1,1,10,4,0
17,2,1,0,0,0,0,0,1,1,0,1,0,0,0,0,0,0,0,0,0,0,0,0,0,0,152,444,571,1,1,10,4,0
17,1,1,0,0,0,0,0,1,0,1,0,0,0,0,0,0,0,0,1,0,0,0,0,0,0,36,39,42,1,1,10,5,0
17,3,1,1,0,0,0,0,0,0,1,0,0,0,0,0,0,0,0,0,0,0,0,0,0,0,33,302,1510,2,2,6,5,0
17,2,1,0,0,0,0,0,1,1,0,1,0,0,0,0,0,0,0,0,0,0,0,0,0,0,69,88,96,1,1,10,5,0
17,3,1,1,0,0,0,0,0,0,1,0,0,0,0,0,0,0,0,0,0,0,0,0,0,0,133,199,227,1,1,10,4,0
17,2,1,0,0,0,0,0,1,1,0,1,0,0,0,0,0,0,0,0,0,0,0,0,0,0,12,12,82,1,1,10,4,0
17,2,1,0,0,0,0,0,1,1,0,1,0,0,0,0,0,0,0,0,0,0,0,0,0,0,31,33,1255,1,1,10,4,0
17,76,1,1,0,0,0,0,0,0,0,0,0,0,0,0,0,0,1,0,0,0,0,0,0,0,15,15,39,2,2,-1,4,0
17,8,1,1,0,0,0,0,0,0,1,0,0,0,0,0,0,0,0,0,0,0,0,0,0,0,106,145,161,2,2,5,5,0
17,2,1,0,0,0,0,0,1,1,0,1,0,0,0,0,0,0,0,0,0,0,0,0,0,0,26,27,1069,1,1,10,4,0
17,2,1,0,0,0,0,0,1,1,0,1,0,0,0,0,0,0,0,0,0,0,0,0,0,0,34,48,51,2,2,6,4,0
17,23,1,0,0,0,0,0,0,0,1,0,0,1,0,0,0,0,0,0,1,0,0,0,0,0,138,205,235,2,2,-1,4,0
17,1,1,0,0,0,0,0,1,0,1,0,0,0,0,0,0,0,0,1,0,0,0,0,0,0,6,6,6,2,2,-1,4,0
17,21,1,1,1,0,0,0,1,1,1,0,0,1,0,0,0,0,1,0,0,1,0,0,0,0,13,13,13,1,1,9,5,0
17,2,1,0,0,0,0,0,1,1,0,1,0,0,0,0,0,0,0,0,0,0,0,0,0,0,17,17,1815,2,2,6,4,0
17,3,1,1,0,0,0,0,0,0,1,0,0,0,0,0,0,0,0,0,0,0,0,0,0,0,48,1648,62,2,2,5,5,0
17,2,1,0,0,0,0,0,1,1,0,1,0,0,0,0,0,0,0,0,0,0,0,0,0,0,63,77,84,1,1,10,5,0
17,2,1,0,0,0,0,0,1,1,0,1,0,0,0,0,0,0,0,0,0,0,0,0,0,0,38,41,582,1,1,10,5,0
17,19,1,1,0,0,0,0,0,0,1,0,0,0,0,0,0,0,0,0,0,0,0,0,0,0,66,309,371,1,1,10,4,0
17,3,1,1,0,0,0,0,0,0,1,0,0,0,0,0,0,0,0,0,0,0,0,0,0,0,46,55,59,2,2,4,5,0
17,7,1,1,0,0,0,0,0,0,0,0,0,1,0,0,0,0,0,0,0,0,0,0,0,0,63,77,84,2,2,5,4,0
17,2,1,0,0,0,0,0,1,1,0,1,0,0,0,0,0,0,0,0,0,0,0,0,0,0,4,438,562,1,1,9,4,0
17,6,1,1,0,0,0,0,0,0,0,0,0,1,0,0,0,0,0,0,0,0,0,0,0,0,88,1294,126,1,1,10,4,0
17,8,1,1,0,0,0,0,0,0,1,0,0,0,0,0,0,0,0,0,0,0,0,0,0,0,153,659,914,1,1,10,5,0
17,2,1,0,0,0,0,0,1,1,0,1,0,0,0,0,0,0,0,0,0,0,0,0,0,0,137,626,862,1,1,10,4,0
17,3,1,1,0,0,0,0,0,0,1,0,0,0,0,0,0,0,0,0,0,0,0,0,0,0,8,8,20,2,2,5,5,0
17,8,1,1,0,0,0,0,0,0,1,0,0,0,0,0,0,0,0,0,0,0,0,0,0,0,179,1004,1480,1,1,10,5,1
17,23,1,0,0,0,0,0,0,0,1,0,0,1,0,0,0,0,0,0,1,0,0,0,0,0,174,396,505,1,1,10,4,0
17,2,1,0,0,0,0,0,1,1,0,1,0,0,0,0,0,0,0,0,0,0,0,0,0,0,59,299,357,1,1,10,4,0
17,2,1,0,0,0,0,0,1,1,0,1,0,0,0,0,0,0,0,0,0,0,0,0,0,0,50,533,709,1,1,10,4,1
17,7,1,1,0,0,0,0,0,0,0,0,0,1,0,0,0,0,0,0,0,0,0,0,0,0,2,2,540,1,1,10,4,0
17,2,1,0,0,0,0,0,1,1,0,1,0,0,0,0,0,0,0,0,0,0,0,0,0,0,37,197,225,1,1,10,5,0
17,4,1,1,0,0,0,0,0,0,1,0,0,0,0,0,0,0,0,0,0,0,0,0,0,0,79,102,112,1,1,10,4,0
17,23,1,0,0,0,0,0,0,0,1,0,0,1,0,0,0,0,0,0,1,0,0,0,0,0,4,906,1031,1,1,10,4,0
17,2,1,0,0,0,0,0,1,1,0,1,0,0,0,0,0,0,0,0,0,0,0,0,0,0,65,83,91,1,1,10,4,1
17,19,1,1,0,0,0,0,0,0,1,0,0,0,0,0,0,0,0,0,0,0,0,0,0,0,194,508,667,1,1,10,4,1
17,8,1,1,0,0,0,0,0,0,1,0,0,0,0,0,0,0,0,0,0,0,0,0,0,0,31,33,34,2,2,5,5,1
17,2,1,0,0,0,0,0,1,1,0,1,0,0,0,0,0,0,0,0,0,0,0,0,0,0,140,796,372,1,1,10,4,1
17,23,1,0,0,0,0,0,0,0,1,0,0,1,0,0,0,0,0,0,1,0,0,0,0,0,-1,-1,-1,2,2,6,4,1
17,3,1,1,0,0,0,0,0,0,1,0,0,0,0,0,0,0,0,0,0,0,0,0,0,0,122,314,2043,2,2,-1,4,0
17,2,1,0,0,0,0,0,1,1,0,1,0,0,0,0,0,0,0,0,0,0,0,0,0,0,102,138,149,1,1,10,4,1
17,2,1,0,0,0,0,0,1,1,0,1,0,0,0,0,0,0,0,0,0,0,0,0,0,0,195,745,1064,1,1,10,4,0
17,23,1,0,0,0,0,0,0,0,1,0,0,1,0,0,0,0,0,0,1,0,0,0,0,0,7,7,7,2,2,5,4,0
17,2,1,0,0,0,0,0,1,1,0,1,0,0,0,0,0,0,0,0,0,0,0,0,0,0,4,809,1176,1,1,10,4,0
17,23,1,0,0,0,0,0,0,0,1,0,0,1,0,0,0,0,0,0,1,0,0,0,0,0,128,189,216,1,1,9,4,0
17,9,1,1,1,0,0,0,1,1,1,1,0,1,0,0,0,1,1,1,1,1,0,0,0,0,172,805,1171,2,2,-1,4,0
17,2,1,0,0,0,0,0,1,1,0,1,0,0,0,0,0,0,0,0,0,0,0,0,0,0,18,110,120,1,1,9,4,0
17,2,1,0,0,0,0,0,1,1,0,1,0,0,0,0,0,0,0,0,0,0,0,0,0,0,6,181,1967,1,1,10,4,0
17,14,1,0,0,0,0,0,0,0,0,0,0,0,0,0,0,0,0,0,0,0,0,0,0,0,2,2,2,2,2,-1,4,0
17,2,1,0,0,0,0,0,1,1,0,1,0,0,0,0,0,0,0,0,0,0,0,0,0,0,200,582,786,1,1,10,5,0
17,2,1,0,0,0,0,0,1,1,0,1,0,0,0,0,0,0,0,0,0,0,0,0,0,0,5,912,1330,1,1,10,4,0
17,2,1,0,0,0,0,0,1,1,0,1,0,0,0,0,0,0,0,0,0,0,0,0,0,0,95,415,530,1,1,10,4,0
17,2,1,0,0,0,0,0,1,1,0,1,0,0,0,0,0,0,0,0,0,0,0,0,0,0,133,940,1375,1,1,8,5,0
17,1,1,0,0,0,0,0,1,0,1,0,0,0,0,0,0,0,0,1,0,0,0,0,0,0,11,11,11,1,1,10,4,0
17,1,1,0,0,0,0,0,1,0,1,0,0,0,0,0,0,0,0,1,0,0,0,0,0,0,2,2,540,1,1,10,4,0
17,2,1,0,0,0,0,0,1,1,0,1,0,0,0,0,0,0,0,0,0,0,0,0,0,0,114,158,346,1,1,10,4,0
17,4,1,1,0,0,0,0,0,0,1,0,0,1,0,0,0,0,0,0,0,1,0,0,0,0,196,820,1191,1,1,9,4,0
17,2,1,0,0,0,0,0,1,1,0,1,0,0,0,0,0,0,0,0,0,0,0,0,0,0,7,7,7,1,1,10,4,1
17,21,1,1,0,0,0,0,0,0,0,0,0,1,0,0,0,0,1,0,0,0,0,0,0,0,7,7,7,1,1,10,4,0
17,2,1,0,0,0,0,0,1,1,0,1,0,0,0,0,0,0,0,0,0,0,0,0,0,0,206,1462,1983,1,1,10,5,0
17,2,1,0,0,0,0,0,1,1,0,1,0,0,0,0,0,0,0,0,0,0,0,0,0,0,18,315,385,1,1,10,5,0
17,16,1,1,0,0,0,0,1,0,1,1,0,0,0,0,0,0,0,0,0,0,0,0,0,0,141,212,387,2,2,5,4,0
17,4,1,1,0,0,0,0,0,0,1,0,0,0,0,0,0,0,0,0,0,0,0,0,0,0,70,412,527,1,1,10,4,0
17,3,1,1,0,0,0,0,0,0,1,0,0,0,0,0,0,0,0,0,0,0,0,0,0,0,4,1495,1031,2,2,4,4,1
17,3,1,1,0,0,0,0,0,0,1,0,0,0,0,0,0,0,0,0,0,0,0,0,0,0,31,33,77,2,2,5,4,0
17,2,1,0,0,0,0,0,1,1,0,1,0,0,0,0,0,0,0,0,0,0,0,0,0,0,147,321,1451,1,1,10,4,0
17,8,1,1,0,0,0,0,0,0,1,0,0,0,0,0,0,0,0,0,0,0,0,0,0,0,50,60,65,2,2,4,5,0
8,46,1,1,0,0,0,0,0,0,0,0,0,1,0,0,0,0,1,0,0,0,0,0,0,0,63,77,84,1,1,8,5,0
8,7,1,1,0,0,0,0,0,0,0,0,0,1,0,0,0,0,0,0,0,0,0,0,0,0,2,2,2,1,1,10,4,0
8,63,1,1,0,0,0,0,0,0,1,0,0,0,0,0,0,0,0,0,0,0,0,0,0,0,98,266,1615,1,1,10,5,0
8,49,1,1,0,0,0,0,0,0,0,0,0,0,0,0,0,0,0,0,0,0,0,0,0,0,8,8,20,1,1,10,4,0
8,52,0,1,0,0,0,0,1,1,0,0,0,0,0,0,0,0,0,0,0,0,0,0,0,0,156,264,314,1,1,10,5,0
8,50,1,1,0,0,0,0,0,0,0,0,0,0,0,0,0,0,0,0,0,0,0,0,0,0,174,718,1009,1,1,10,4,0
8,46,1,1,0,0,0,0,0,0,0,0,0,1,0,0,0,0,1,0,0,0,0,0,0,0,201,585,788,1,1,10,5,0
8,1,1,0,0,0,0,0,1,0,1,0,0,0,0,0,0,0,0,1,0,0,0,0,0,0,6,1558,2071,1,1,10,4,0
8,2,1,0,0,0,0,0,1,1,0,1,0,0,0,0,0,0,0,0,0,0,0,0,0,0,133,668,935,1,1,10,4,0
8,1,1,0,0,0,0,0,1,0,1,0,0,0,0,0,0,0,0,1,0,0,0,0,0,0,41,230,269,1,1,10,4,0
8,2,1,0,0,0,0,0,1,1,0,1,0,0,0,0,0,0,0,0,0,0,0,0,0,0,137,397,853,1,1,10,4,0
8,2,1,0,0,0,0,0,1,1,0,1,0,0,0,0,0,0,0,0,0,0,0,0,0,0,143,217,2174,1,1,10,4,0
8,1,1,0,0,0,0,0,1,0,1,0,0,0,0,0,0,0,0,1,0,0,0,0,0,0,31,33,559,1,1,10,4,0
8,3,1,1,0,0,0,0,0,0,1,0,0,0,0,0,0,0,0,0,0,0,0,0,0,0,134,455,592,2,2,-1,4,0
8,8,1,1,0,0,0,0,0,0,1,0,0,0,0,0,0,0,0,0,0,0,0,0,0,0,-1,-1,-1,2,2,-1,4,0
8,1,1,0,0,0,0,0,1,0,1,0,0,0,0,0,0,0,0,1,0,0,0,0,0,0,98,1699,922,1,1,10,4,0
8,2,1,0,0,0,0,0,1,1,0,1,0,0,0,0,0,0,0,0,0,0,0,0,0,0,33,470,618,2,2,5,4,0
8,4,1,1,0,0,0,0,0,0,1,0,0,0,0,0,0,0,0,0,0,0,0,0,0,0,55,365,457,1,1,10,4,0
8,1,1,0,0,0,0,0,1,0,1,0,0,0,0,0,0,0,0,1,0,0,0,0,0,0,101,136,147,1,1,10,4,0
8,83,1,1,0,0,0,0,0,0,1,0,0,0,0,0,0,0,0,0,0,0,0,0,0,0,85,278,331,1,1,10,4,0
8,2,1,0,0,0,0,0,1,1,0,1,0,0,0,0,0,0,0,0,0,0,0,0,0,0,107,469,617,1,1,10,4,0
8,2,1,0,0,0,0,0,1,1,0,1,0,0,0,0,0,0,0,0,0,0,0,0,0,0,41,411,526,2,2,-1,4,0
8,2,1,0,0,0,0,0,1,1,0,1,0,0,0,0,0,0,0,0,0,0,0,0,0,0,5,912,1330,1,1,10,4,0
8,2,1,0,0,0,0,0,1,1,0,1,0,0,0,0,0,0,0,0,0,0,0,0,0,0,46,55,1733,1,1,10,4,0
8,3,1,1,0,0,0,0,0,0,1,0,0,0,0,0,0,0,0,0,0,0,0,0,0,0,46,55,302,2,2,4,4,0
8,3,1,1,0,0,0,0,0,0,1,0,0,0,0,0,0,0,0,0,0,0,0,0,0,0,90,270,320,2,2,6,4,1
8,1,1,0,0,0,0,0,1,0,1,0,0,0,0,0,0,0,0,1,0,0,0,0,0,0,137,372,472,1,1,10,4,0
8,2,1,0,0,0,0,0,1,1,0,1,0,0,0,0,0,0,0,0,0,0,0,0,0,0,65,83,91,1,1,8,5,0
8,2,1,0,0,0,0,0,1,1,0,1,0,0,0,0,0,0,0,0,0,0,0,0,0,0,36,53,57,1,1,10,4,0
8,6,1,1,0,0,0,0,0,0,0,0,0,1,0,0,0,0,0,0,0,0,0,0,0,0,131,919,1343,1,1,10,4,0
8,1,1,0,0,0,0,0,1,0,1,0,0,0,0,0,0,0,0,1,0,0,0,0,0,0,118,799,1439,1,1,10,4,1
8,2,1,0,0,0,0,0,1,1,0,1,0,0,0,0,0,0,0,0,0,0,0,0,0,0,105,143,158,1,1,10,4,1
8,2,1,0,0,0,0,0,1,1,0,1,0,0,0,0,0,0,0,0,0,0,0,0,0,0,56,614,1551,1,1,10,4,0
8,2,1,0,0,0,0,0,1,1,0,1,0,0,0,0,0,0,0,0,0,0,0,0,0,0,40,43,46,1,1,10,5,0
8,6,1,1,0,0,0,0,0,0,0,0,0,1,0,0,0,0,0,0,0,0,0,0,0,0,52,648,900,1,1,10,4,0
8,1,1,0,0,0,0,0,1,0,1,0,0,0,0,0,0,0,0,1,0,0,0,0,0,0,102,138,149,1,1,9,4,0
8,2,1,0,0,0,0,0,1,1,0,1,0,0,0,0,0,0,0,0,0,0,0,0,0,0,119,209,721,1,1,10,4,1
8,3,1,1,0,0,0,0,0,0,1,0,0,0,0,0,0,0,0,0,0,0,0,0,0,0,42,49,52,1,1,10,4,0
8,3,1,1,0,0,0,0,0,0,1,0,0,0,0,0,0,0,0,0,0,0,0,0,0,0,3,370,468,2,2,-1,4,0
8,6,1,1,0,0,0,0,0,0,0,0,0,1,0,0,0,0,0,0,0,0,0,0,0,0,131,1695,2172,1,1,10,4,0
8,1,1,0,0,0,0,0,1,0,1,0,0,0,0,0,0,0,0,1,0,0,0,0,0,0,40,131,142,1,1,10,5,0
8,1,1,0,0,0,0,0,1,0,1,0,0,0,0,0,0,0,0,1,0,0,0,0,0,0,106,317,648,1,1,10,4,1
8,3,1,1,0,0,0,0,0,0,1,0,0,0,0,0,0,0,0,0,0,0,0,0,0,0,52,62,67,1,1,10,4,0
8,2,1,0,0,0,0,0,1,1,0,1,0,0,0,0,0,0,0,0,0,0,0,0,0,0,33,302,481,1,1,10,4,0
8,8,1,1,0,0,0,0,0,0,1,0,0,0,0,0,0,0,0,0,0,0,0,0,0,0,160,277,330,2,2,4,5,0
8,6,1,1,0,0,0,0,0,0,0,0,0,1,0,0,0,0,0,0,0,0,0,0,0,0,35,736,1041,2,2,4,4,0
8,1,1,0,0,0,0,0,1,0,1,0,0,0,0,0,0,0,0,1,0,0,0,0,0,0,12,12,12,1,1,10,4,0
8,3,1,1,0,0,0,0,0,0,1,0,0,0,0,0,0,0,0,0,0,0,0,0,0,0,77,100,153,2,2,5,4,0
8,3,1,1,0,0,0,0,0,0,1,0,0,0,0,0,0,0,0,0,0,0,0,0,0,0,18,426,547,2,2,-1,4,0
8,21,1,1,0,0,0,0,0,0,0,0,0,1,0,0,0,0,1,0,0,0,0,0,0,0,163,288,450,1,1,10,4,0
8,6,1,1,0,0,0,0,0,0,0,0,0,1,0,0,0,0,0,0,0,0,0,0,0,0,34,48,51,1,1,10,5,0
8,2,1,0,0,0,0,0,1,1,0,1,0,0,0,0,0,0,0,0,0,0,0,0,0,0,107,459,600,2,2,-1,4,0
8,29,1,1,0,0,0,0,0,0,1,0,0,0,0,0,0,0,0,0,0,0,0,0,0,0,7,7,7,1,1,9,5,0
8,2,1,0,0,0,0,0,1,1,0,1,0,0,0,0,0,0,0,0,0,0,0,0,0,0,128,189,1514,1,1,10,4,0
8,1,1,0,0,0,0,0,1,0,1,0,0,0,0,0,0,0,0,1,0,0,0,0,0,0,91,778,1120,1,1,10,4,0
8,1,1,0,0,0,0,0,1,0,1,0,0,0,0,0,0,0,0,1,0,0,0,0,0,0,169,344,423,1,1,10,4,0
8,1,1,0,0,0,0,0,1,0,1,0,0,0,0,0,0,0,0,1,0,0,0,0,0,0,41,1185,1714,1,1,10,4,0
8,2,1,0,0,0,0,0,1,1,0,1,0,0,0,0,0,0,0,0,0,0,0,0,0,0,80,1064,1561,1,1,10,4,1
8,21,1,1,0,0,0,0,0,1,1,0,0,1,0,0,0,0,1,0,0,0,0,0,0,0,46,55,1733,2,2,5,5,0
8,6,1,1,0,0,0,0,0,0,0,0,0,1,0,0,0,0,0,0,0,0,0,0,0,0,85,278,331,2,2,6,4,0
8,1,1,0,0,0,0,0,1,0,1,0,0,0,0,0,0,0,0,1,0,0,0,0,0,0,32,1504,1141,1,1,8,4,0
8,9,1,1,1,0,0,0,1,1,1,1,0,1,0,0,0,1,1,1,1,1,0,0,0,0,116,160,179,2,2,6,4,0
8,1,1,0,0,0,0,0,1,0,1,0,0,0,0,0,0,0,0,1,0,0,0,0,0,0,98,154,173,1,1,10,4,0
8,2,1,0,0,0,0,0,1,1,0,1,0,0,0,0,0,0,0,0,0,0,0,0,0,0,8,8,1806,1,1,10,4,0
8,1,1,0,0,0,0,0,1,0,1,0,0,0,0,0,0,0,0,1,0,0,0,0,0,0,22,166,186,2,2,6,4,0
8,3,1,1,0,0,0,0,0,0,1,0,0,0,0,0,0,0,0,0,0,0,0,0,0,0,3,499,659,2,2,6,4,0
8,2,1,0,0,0,0,0,1,1,0,1,0,0,0,0,0,0,0,0,0,0,0,0,0,0,82,262,1494,1,1,10,4,0
8,3,1,1,0,0,0,0,0,0,1,0,0,0,0,0,0,0,0,0,0,0,0,0,0,0,19,720,1011,1,1,10,4,0
8,8,1,1,0,0,0,0,0,0,1,0,0,0,0,0,0,0,0,0,0,0,0,0,0,0,21,21,202,2,2,4,4,0
8,1,1,0,0,0,0,0,1,0,1,0,0,0,0,0,0,0,0,1,0,0,0,0,0,0,18,315,385,1,1,10,5,0
8,6,1,1,0,0,0,0,0,0,0,0,0,1,0,0,0,0,0,0,0,0,0,0,0,0,31,33,34,1,1,10,4,0
8,21,1,1,0,0,0,0,0,0,0,0,0,1,0,0,0,0,1,0,0,0,0,0,0,0,102,138,149,2,2,6,4,0
8,1,1,0,0,0,0,0,1,0,1,0,0,0,0,0,0,0,0,1,0,0,0,0,0,0,61,568,764,1,1,9,4,0
8,2,1,0,0,0,0,0,1,1,0,1,0,0,0,0,0,0,0,0,0,0,0,0,0,0,52,62,1152,1,1,10,4,0
8,3,1,1,0,0,0,0,0,0,1,0,0,0,0,0,0,0,0,0,0,0,0,0,0,0,15,15,885,2,2,6,4,0
8,3,1,1,0,0,0,0,0,0,1,0,0,0,0,0,0,0,0,0,0,0,0,0,0,0,8,8,1374,1,1,10,4,0
8,1,1,0,0,0,0,0,1,0,1,0,0,0,0,0,0,0,0,1,0,0,0,0,0,0,13,13,1445,1,1,10,4,0
8,1,1,0,0,0,0,0,1,0,1,0,0,0,0,0,0,0,0,1,0,0,0,0,0,0,52,307,369,1,1,10,4,1
8,2,1,0,0,0,0,0,1,1,0,1,0,0,0,0,0,0,0,0,0,0,0,0,0,0,31,33,34,2,2,5,4,0
8,1,1,0,0,0,0,0,1,0,1,0,0,0,0,0,0,0,0,1,0,0,0,0,0,0,8,8,20,1,1,10,4,1
8,12,1,1,0,0,0,0,0,0,1,0,0,0,0,0,0,0,0,0,0,0,0,0,0,0,7,7,7,1,1,10,4,0
8,2,1,0,0,0,0,0,1,1,0,1,0,0,0,0,0,0,0,0,0,0,0,0,0,0,195,915,1339,1,1,10,4,0
8,2,1,0,0,0,0,0,1,1,0,1,0,0,0,0,0,0,0,0,0,0,0,0,0,0,92,1696,2173,1,1,10,4,0
8,13,1,1,0,0,0,0,0,0,1,0,0,0,0,0,0,0,0,0,1,1,0,0,0,0,60,74,80,1,1,10,4,0
8,9,1,1,1,0,0,0,1,1,1,1,0,1,0,0,0,1,1,1,1,1,0,0,0,0,6,392,1920,1,1,10,5,0
8,10,1,1,0,0,0,0,0,0,1,0,0,0,0,0,0,0,0,1,0,0,0,0,0,0,69,88,96,1,1,10,4,0
8,1,1,0,0,0,0,0,1,0,1,0,0,0,0,0,0,0,0,1,0,0,0,0,0,0,40,82,1194,1,1,10,4,1
8,6,1,1,0,0,0,0,0,0,0,0,0,1,0,0,0,0,0,0,0,0,0,0,0,0,85,278,331,1,1,10,5,0
8,3,1,1,0,0,0,0,0,0,1,0,0,0,0,0,0,0,0,0,0,0,0,0,0,0,160,277,330,2,2,-1,4,0
8,2,1,0,0,0,0,0,1,1,0,1,0,0,0,0,0,0,0,0,0,0,0,0,0,0,4,1013,1498,2,2,6,4,0
8,1,1,0,0,0,0,0,1,0,1,0,0,0,0,0,0,0,0,1,0,0,0,0,0,0,132,194,222,1,1,10,4,1
8,3,1,1,0,0,0,0,0,0,1,0,0,0,0,0,0,0,0,0,0,0,0,0,0,0,114,158,1382,2,2,4,5,0
8,21,1,1,0,0,0,0,1,1,1,0,0,1,0,0,0,0,1,0,0,0,0,0,0,0,36,39,42,1,1,10,4,0
8,1,1,0,0,0,0,0,1,0,1,0,0,0,0,0,0,0,0,1,0,0,0,0,0,0,85,223,262,1,1,10,4,0
8,1,1,0,0,0,0,0,1,0,1,0,0,0,0,0,0,0,0,1,0,0,0,0,0,0,69,88,96,1,1,9,4,0
8,2,1,0,0,0,0,0,1,1,0,1,0,0,0,0,0,0,0,0,0,0,0,0,0,0,4,1719,1096,1,1,10,5,0
8,14,1,0,0,0,0,0,0,0,0,0,0,0,0,0,0,0,0,0,0,0,0,0,0,0,176,340,419,1,1,10,4,0
8,2,1,0,0,0,0,0,1,1,0,1,0,0,0,0,0,0,0,0,0,0,0,0,0,0,122,1266,1802,1,1,10,4,0
8,3,1,1,0,0,0,0,0,0,1,0,0,0,0,0,0,0,0,0,0,0,0,0,0,0,34,48,51,2,2,6,4,0
8,1,1,0,0,0,0,0,1,0,1,0,0,0,0,0,0,0,0,1,0,0,0,0,0,0,35,37,60,2,2,6,4,1
8,2,1,0,0,0,0,0,1,1,0,1,0,0,0,0,0,0,0,0,0,0,0,0,0,0,40,633,874,1,1,10,4,0
8,2,1,0,0,0,0,0,1,1,0,1,0,0,0,0,0,0,0,0,0,0,0,0,0,0,171,327,404,1,1,10,4,0
8,21,1,1,0,0,0,0,0,0,0,0,0,1,0,0,0,0,1,0,0,0,0,0,0,0,103,319,391,1,1,10,4,0
8,1,1,0,0,0,0,0,1,0,1,0,0,0,0,0,0,0,0,1,0,0,0,0,0,0,4,66,71,1,1,10,4,1
8,3,1,1,0,0,0,0,0,0,1,0,0,0,0,0,0,0,0,0,0,0,0,0,0,0,167,446,580,2,2,4,4,0
8,21,1,1,0,0,0,0,1,1,1,0,0,1,0,0,0,0,1,0,0,0,0,0,0,0,2,2,2,1,1,10,5,0
8,8,1,1,0,0,0,0,0,0,1,0,0,0,0,0,0,0,0,0,0,0,0,0,0,0,55,606,865,2,2,4,5,0
8,1,1,0,0,0,0,0,1,0,1,0,0,0,0,0,0,0,0,1,0,0,0,0,0,0,13,13,13,1,1,10,4,1
8,4,1,1,0,0,0,0,0,0,1,0,0,0,0,0,0,0,0,0,0,0,0,0,0,0,32,443,570,1,1,10,4,0
8,8,1,1,0,0,0,0,0,0,1,0,0,0,0,0,0,0,0,0,0,0,0,0,0,0,61,1126,1651,1,1,10,5,1
8,2,1,0,0,0,0,0,1,1,0,1,0,0,0,0,0,0,0,0,0,0,0,0,0,0,142,215,249,2,2,-1,4,0
8,2,1,0,0,0,0,0,1,1,0,1,0,0,0,0,0,0,0,0,0,0,0,0,0,0,31,33,34,1,1,10,4,1
8,1,1,0,0,0,0,0,1,0,1,0,0,0,0,0,0,0,0,1,0,0,0,0,0,0,43,51,1334,1,1,10,4,1
8,2,1,0,0,0,0,0,1,1,0,1,0,0,0,0,0,0,0,0,0,0,0,0,0,0,107,647,1023,1,1,10,5,0
8,8,1,1,0,0,0,0,0,0,1,0,0,0,0,0,0,0,0,0,0,0,0,0,0,0,43,51,55,1,1,10,5,0
18,3,1,1,0,0,0,0,0,0,1,0,0,0,0,0,0,0,0,0,0,0,0,0,0,0,36,39,1008,2,2,6,4,0
18,21,1,1,0,0,0,0,0,0,0,0,0,1,0,0,0,0,1,0,0,0,0,0,0,0,192,742,1057,1,1,10,4,0
18,21,1,1,0,0,0,0,0,1,0,0,0,1,0,0,0,0,1,0,1,0,0,0,0,0,5,428,889,1,1,10,4,0
18,1,1,0,0,0,0,0,1,0,1,0,0,0,0,0,0,0,0,1,0,0,0,0,0,0,44,52,56,1,1,10,4,0
18,2,1,0,0,0,0,0,1,1,0,1,0,0,0,0,0,0,0,0,0,0,0,0,0,0,40,558,746,1,1,10,4,0
18,6,1,1,0,0,0,0,0,0,0,0,0,1,0,0,0,0,0,0,0,0,0,0,0,0,24,24,711,1,1,10,4,0
18,2,1,0,0,0,0,0,1,1,0,1,0,0,0,0,0,0,0,0,0,0,0,0,0,0,32,144,160,1,1,10,4,0
18,2,1,0,0,0,0,0,1,1,0,1,0,0,0,0,0,0,0,0,0,0,0,0,0,0,140,207,380,1,1,10,4,0
18,3,1,1,0,0,0,0,0,0,1,0,0,0,0,0,0,0,0,0,0,0,0,0,0,0,188,473,622,1,1,10,4,0
18,1,1,0,0,0,0,0,1,0,1,0,0,0,0,0,0,0,0,1,0,0,0,0,0,0,163,288,450,1,1,10,4,0
18,2,1,0,0,0,0,0,1,1,0,1,0,0,0,0,0,0,0,0,0,0,0,0,0,0,38,41,44,1,1,10,4,0
18,2,1,0,0,0,0,0,1,1,0,1,0,0,0,0,0,0,0,0,0,0,0,0,0,0,76,225,576,1,1,10,4,0
18,2,1,0,0,0,0,0,1,1,0,1,0,0,0,0,0,0,0,0,0,0,0,0,0,0,129,190,1443,1,1,10,4,0
18,2,1,0,0,0,0,0,1,1,0,1,0,0,0,0,0,0,0,0,0,0,0,0,0,0,29,387,492,1,1,10,4,0
18,2,1,0,0,0,0,0,1,1,0,1,0,0,0,0,0,0,0,0,0,0,0,0,0,0,68,173,1636,1,1,10,4,0
18,7,1,1,0,0,0,0,0,0,0,0,0,1,0,0,0,0,0,0,0,0,0,0,0,0,185,1314,1849,1,1,10,4,0
18,27,1,1,0,0,0,0,1,1,1,0,0,1,0,0,0,0,0,0,0,0,0,0,0,0,18,490,645,1,1,10,5,0
18,3,1,1,0,0,0,0,0,0,1,0,0,0,0,0,0,0,0,0,0,0,0,0,0,0,134,455,592,1,1,10,4,0
18,2,1,0,0,0,0,0,1,1,0,1,0,0,0,0,0,0,0,0,0,0,0,0,0,0,98,348,1574,1,1,10,4,0
18,1,1,0,0,0,0,0,1,0,1,0,0,0,0,0,0,0,0,1,0,0,0,0,0,0,34,48,51,1,1,10,4,0
18,2,1,0,0,0,0,0,1,1,0,1,0,0,0,0,0,0,0,0,0,0,0,0,0,0,2,2,2,2,2,6,4,0
18,2,1,0,0,0,0,0,1,1,0,1,0,0,0,0,0,0,0,0,0,0,0,0,0,0,164,406,77,1,1,10,4,0
18,2,1,0,0,0,0,0,1,1,0,1,0,0,0,0,0,0,0,0,0,0,0,0,0,0,134,231,270,1,1,10,4,0
18,2,1,0,0,0,0,0,1,1,0,1,0,0,0,0,0,0,0,0,0,0,0,0,0,0,100,238,279,1,1,10,4,0
18,12,1,1,0,0,0,0,0,0,1,0,0,0,0,0,0,0,0,0,0,0,0,0,0,0,16,16,155,2,2,6,4,1
18,2,1,0,0,0,0,0,1,1,0,1,0,0,0,0,0,0,0,0,0,0,0,0,0,0,31,33,1110,1,1,10,4,0
18,13,1,1,0,0,0,0,0,0,1,0,0,0,0,0,0,0,0,0,1,1,0,0,0,0,92,178,782,1,1,10,4,0
18,2,1,0,0,0,0,0,1,1,0,1,0,0,0,0,0,0,0,0,0,0,0,0,0,0,54,64,69,1,1,9,4,0
18,16,1,1,0,0,0,0,1,0,1,1,0,0,0,0,0,0,0,0,0,0,0,0,0,0,23,46,49,1,1,10,4,0
18,6,1,1,0,0,0,0,0,0,0,0,0,1,0,0,0,0,0,0,0,0,0,0,0,0,153,247,288,1,1,10,4,0
18,23,1,0,0,0,0,0,0,0,1,0,0,1,0,0,0,0,0,0,1,0,0,0,0,0,69,88,96,2,2,-1,4,0
18,3,1,1,0,0,0,0,0,0,1,0,0,0,0,0,0,0,0,0,0,0,0,0,0,0,41,269,319,1,1,10,4,0
18,2,1,0,0,0,0,0,1,1,0,1,0,0,0,0,0,0,0,0,0,0,0,0,0,0,72,708,991,1,1,10,4,0
18,2,1,0,0,0,0,0,1,1,0,1,0,0,0,0,0,0,0,0,0,0,0,0,0,0,188,473,622,2,2,6,4,0
18,2,1,0,0,0,0,0,1,1,0,1,0,0,0,0,0,0,0,0,0,0,0,0,0,0,157,1030,1521,1,1,10,5,0
18,2,1,0,0,0,0,0,1,1,0,1,0,0,0,0,0,0,0,0,0,0,0,0,0,0,37,40,43,1,1,8,4,0
18,1,1,0,0,0,0,0,1,0,1,0,0,0,0,0,0,0,0,1,0,0,0,0,0,0,73,93,101,1,1,10,4,0
18,2,1,0,0,0,0,0,1,1,0,1,0,0,0,0,0,0,0,0,0,0,0,0,0,0,147,816,1184,1,1,10,4,0
18,21,1,1,0,0,0,0,0,0,0,0,0,1,0,0,0,0,1,0,0,0,0,0,0,0,31,33,34,1,1,10,4,0
18,5,1,0,0,0,0,0,1,0,0,0,0,0,0,0,0,0,1,0,0,0,0,0,0,0,17,17,17,2,2,5,5,0
18,2,1,0,0,0,0,0,1,1,0,1,0,0,0,0,0,0,0,0,0,0,0,0,0,0,127,188,215,1,1,10,4,1
18,2,1,0,0,0,0,0,1,1,0,1,0,0,0,0,0,0,0,0,0,0,0,0,0,0,111,155,174,1,1,10,5,0
18,2,1,0,0,0,0,0,1,1,0,1,0,0,0,0,0,0,0,0,0,0,0,0,0,0,188,1250,296,1,1,9,4,0
18,2,1,0,0,0,0,0,1,1,0,1,0,0,0,0,0,0,0,0,0,0,0,0,0,0,36,39,1008,1,1,10,4,0
18,8,1,1,0,0,0,0,0,0,1,0,0,0,0,0,0,0,0,0,0,0,0,0,0,0,17,17,1398,2,2,-1,4,0
18,23,1,0,0,0,0,0,0,0,1,0,0,1,0,0,0,0,0,0,1,0,0,0,0,0,131,192,219,1,1,10,4,0
18,2,1,0,0,0,0,0,1,1,0,1,0,0,0,0,0,0,0,0,0,0,0,0,0,0,92,178,199,1,1,10,4,0
18,1,1,0,0,0,0,0,1,0,1,0,0,0,0,0,0,0,0,1,0,0,0,0,0,0,4,438,936,1,1,10,4,0
18,3,1,1,0,0,0,0,0,0,1,0,0,0,0,0,0,0,0,0,0,0,0,0,0,0,32,297,444,1,1,9,4,0
18,2,1,0,0,0,0,0,1,1,0,1,0,0,0,0,0,0,0,0,0,0,0,0,0,0,181,661,916,1,1,10,4,0
18,2,1,0,0,0,0,0,1,1,0,1,0,0,0,0,0,0,0,0,0,0,0,0,0,0,166,1337,804,1,1,10,4,0
18,3,1,1,0,0,0,0,0,0,1,0,0,0,0,0,0,0,0,0,0,0,0,0,0,0,181,398,615,2,2,-1,4,0
18,23,1,0,0,0,0,0,0,0,1,0,0,1,0,0,0,0,0,0,1,0,0,0,0,0,147,1328,1860,2,2,-1,4,0
18,2,1,0,0,0,0,0,1,1,0,1,0,0,0,0,0,0,0,0,0,0,0,0,0,0,21,21,202,1,1,10,5,0
12,27,1,1,1,0,1,0,1,1,1,1,0,1,0,1,0,1,1,1,1,1,0,0,0,0,164,354,435,1,1,10,5,0
12,3,1,1,0,0,0,0,0,0,1,0,0,0,0,0,0,0,0,0,0,0,0,0,0,0,105,143,158,2,2,6,4,0
12,27,1,1,1,0,1,0,1,1,1,1,0,1,0,1,0,1,1,1,1,1,0,0,0,0,99,310,374,1,1,10,5,0
12,45,1,1,0,0,0,0,0,0,1,0,0,1,0,0,0,0,0,0,0,0,0,0,0,0,50,713,1002,1,1,10,5,0
12,45,1,1,0,0,0,0,0,0,1,0,0,1,0,0,0,0,0,0,0,0,0,0,0,0,69,88,96,2,2,6,4,0
12,45,1,1,0,0,0,0,0,0,1,0,0,1,0,0,0,0,0,0,0,0,0,0,0,0,52,62,67,1,1,7,5,0
12,45,1,1,0,0,0,0,0,0,1,0,0,1,0,0,0,0,0,0,0,0,0,0,0,0,159,273,324,1,1,10,5,0
12,45,1,1,0,0,0,0,0,0,1,0,0,1,0,0,0,0,0,0,0,0,0,0,0,0,36,39,42,1,1,10,5,0
12,45,1,1,0,0,0,0,0,0,1,0,0,1,0,0,0,0,0,0,0,0,0,0,0,0,87,115,125,1,1,10,4,0
12,6,1,1,0,0,0,0,0,0,0,0,0,1,0,0,0,0,0,0,0,0,0,0,0,0,5,1739,1446,1,1,10,4,0
12,27,1,1,1,0,1,0,1,1,1,1,0,1,0,1,0,1,1,1,1,1,0,0,0,0,152,241,282,1,1,10,5,0
12,45,1,1,0,0,0,0,0,0,1,0,0,1,0,0,0,0,0,0,0,0,0,0,0,0,111,155,174,2,2,6,4,0
12,45,1,1,0,0,0,0,0,0,1,0,0,1,0,0,0,0,0,0,0,0,0,0,0,0,79,102,112,1,1,10,4,0
12,45,1,1,0,0,0,0,0,0,1,0,0,1,0,0,0,0,0,0,0,0,0,0,0,0,99,233,272,1,1,10,4,0
12,45,1,1,0,0,0,0,0,0,1,0,0,1,0,0,0,0,0,0,0,0,0,0,0,0,102,138,149,1,1,10,4,0
12,45,1,1,0,0,0,0,0,0,1,0,0,1,0,0,0,0,0,0,0,0,0,0,0,0,100,556,743,2,2,6,5,0
12,1,1,0,0,0,0,0,1,0,1,0,0,0,0,0,0,0,0,1,0,0,0,0,0,0,57,1024,1512,1,1,10,4,0
12,45,1,1,0,0,0,0,0,0,1,0,0,1,0,0,0,0,0,0,0,0,0,0,0,0,100,228,267,1,1,9,5,0
12,45,1,1,0,0,0,0,0,0,1,0,0,1,0,0,0,0,0,0,0,0,0,0,0,0,102,138,149,2,2,6,4,0
12,45,1,1,0,0,0,0,0,0,1,0,0,1,0,0,0,0,0,0,0,0,0,0,0,0,24,24,711,1,1,10,4,0
12,45,1,1,0,0,0,0,0,0,1,0,0,1,0,0,0,0,0,0,0,0,0,0,0,0,104,142,157,1,1,10,5,0
12,45,1,1,0,0,0,0,0,0,1,0,0,1,0,0,0,0,0,0,0,0,0,0,0,0,153,659,914,2,2,5,4,0
12,27,1,1,1,0,1,0,1,1,1,1,0,1,0,1,0,1,1,1,1,1,0,0,0,0,8,8,20,2,2,4,5,0
12,45,1,1,0,0,0,0,0,0,1,0,0,1,0,0,0,0,0,0,0,0,0,0,0,0,33,458,598,1,1,9,5,0
12,1,1,0,0,0,0,0,1,0,1,0,0,0,0,0,0,0,0,1,0,0,0,0,0,0,157,1745,1331,1,1,10,4,0
12,2,1,0,0,0,0,0,1,1,0,1,0,0,0,0,0,0,0,0,0,0,0,0,0,0,-1,-1,-1,1,1,10,4,1
12,1,1,0,0,0,0,0,1,0,1,0,0,0,0,0,0,0,0,1,0,0,0,0,0,0,179,376,477,1,1,9,4,0
12,45,1,1,0,0,0,0,0,0,1,0,0,1,0,0,0,0,0,0,0,0,0,0,0,0,142,1141,1664,1,1,10,4,0
12,45,1,1,0,0,0,0,0,0,1,0,0,1,0,0,0,0,0,0,0,0,0,0,0,0,18,18,18,1,1,9,5,0
12,45,1,1,0,0,0,0,0,0,1,0,0,1,0,0,0,0,0,0,0,0,0,0,0,0,4,252,298,1,1,9,5,0
12,45,1,1,0,0,0,0,0,0,1,0,0,1,0,0,0,0,0,0,0,0,0,0,0,0,115,159,614,1,1,10,5,0
12,45,1,1,0,0,0,0,0,0,1,0,0,1,0,0,0,0,0,0,0,0,0,0,0,0,10,388,493,1,1,10,5,0
12,27,1,1,1,0,1,0,1,1,1,1,0,1,0,1,0,1,1,1,1,1,0,0,0,0,4,66,1670,1,1,10,5,0
12,45,1,1,0,0,0,0,0,0,1,0,0,1,0,0,0,0,0,0,0,0,0,0,0,0,80,104,114,1,1,10,5,0
12,45,1,1,0,0,0,0,0,0,1,0,0,1,0,0,0,0,0,0,0,0,0,0,0,0,144,219,254,1,1,10,5,0
12,2,1,0,0,0,0,0,1,1,0,1,0,0,0,0,0,0,0,0,0,0,0,0,0,0,41,230,269,2,2,-1,4,0
12,45,1,1,0,0,0,0,0,0,1,0,0,1,0,0,0,0,0,0,0,0,0,0,0,0,59,73,79,1,1,10,4,0
12,45,1,1,0,0,0,0,0,0,1,0,0,1,0,0,0,0,0,0,0,0,0,0,0,0,117,1324,1856,1,1,10,5,0
12,45,1,1,0,0,0,0,0,0,1,0,0,1,0,0,0,0,0,0,0,0,0,0,0,0,18,432,564,2,2,5,4,0
12,1,1,0,0,0,0,0,1,0,1,0,0,0,0,0,0,0,0,1,0,0,0,0,0,0,102,138,1425,1,1,10,4,0
12,45,1,1,0,0,0,0,0,0,1,0,0,1,0,0,0,0,0,0,0,0,0,0,0,0,199,926,1354,2,2,-1,4,0
12,45,1,1,0,0,0,0,0,0,1,0,0,1,0,0,0,0,0,0,0,0,0,0,0,0,164,643,887,1,1,10,5,0
12,45,1,1,0,0,0,0,0,0,1,0,0,1,0,0,0,0,0,0,0,0,0,0,0,0,32,443,570,1,1,10,4,0
12,45,1,1,0,0,0,0,0,0,1,0,0,1,0,0,0,0,0,0,0,0,0,0,0,0,46,55,1378,2,2,4,4,0
12,45,1,1,0,0,0,0,0,0,1,0,0,1,0,0,0,0,0,0,0,0,0,0,0,0,117,325,513,2,2,4,5,0
12,9,1,1,1,0,0,0,1,1,1,1,0,1,0,0,0,1,1,1,1,1,0,0,0,0,184,414,529,2,2,-1,4,0
12,11,1,0,0,0,0,0,0,0,1,0,0,0,0,0,0,0,0,1,0,0,0,0,0,0,205,988,1454,1,1,10,5,0
12,45,1,1,0,0,0,0,0,0,1,0,0,1,0,0,0,0,0,0,0,0,0,0,0,0,65,83,91,2,2,6,4,0
12,45,1,1,0,0,0,0,0,0,1,0,0,1,0,0,0,0,0,0,0,0,0,0,0,0,90,430,518,1,1,9,5,0
12,45,1,1,0,0,0,0,0,0,1,0,0,1,0,0,0,0,0,0,0,0,0,0,0,0,83,108,118,2,2,5,5,0
12,3,1,1,0,0,0,0,0,0,1,0,0,0,0,0,0,0,0,0,0,0,0,0,0,0,180,394,500,2,2,4,5,0
12,45,1,1,0,0,0,0,0,0,1,0,0,1,0,0,0,0,0,0,0,0,0,0,0,0,75,487,640,2,2,4,4,0
12,45,1,1,0,0,0,0,0,0,1,0,0,1,0,0,0,0,0,0,0,0,0,0,0,0,67,86,94,1,1,10,4,0
12,45,1,1,0,0,0,0,0,0,1,0,0,1,0,0,0,0,0,0,0,0,0,0,0,0,100,556,743,1,1,10,4,0
12,45,1,1,0,0,0,0,0,0,1,0,0,1,0,0,0,0,0,0,0,0,0,0,0,0,26,27,28,1,1,9,5,0
12,45,1,1,0,0,0,0,0,0,1,0,0,1,0,0,0,0,0,0,0,0,0,0,0,0,82,262,312,2,2,5,4,0
12,45,1,1,0,0,0,0,0,0,1,0,0,1,0,0,0,0,0,0,0,0,0,0,0,0,184,414,529,1,1,8,4,0
12,45,1,1,0,0,0,0,0,0,1,0,0,1,0,0,0,0,0,0,0,0,0,0,0,0,23,46,49,1,1,10,4,1
12,45,1,1,0,0,0,0,0,0,1,0,0,1,0,0,0,0,0,0,0,0,0,0,0,0,122,624,857,1,1,10,5,0
12,45,1,1,0,0,0,0,0,0,1,0,0,1,0,0,0,0,0,0,0,0,0,0,0,0,109,870,1282,1,1,10,4,0
12,1,1,0,0,0,0,0,1,0,1,0,0,0,0,0,0,0,0,1,0,0,0,0,0,0,66,96,106,1,1,10,4,0
12,45,1,1,0,0,0,0,0,0,1,0,0,1,0,0,0,0,0,0,0,0,0,0,0,0,21,21,202,2,2,6,5,0
12,15,1,1,0,0,0,0,0,0,1,0,0,1,0,0,0,0,1,0,0,0,0,0,0,0,129,190,1623,1,1,8,5,0
12,45,1,1,0,0,0,0,0,0,1,0,0,1,0,0,0,0,0,0,0,0,0,0,0,0,185,420,541,1,1,10,4,0
12,45,1,1,0,0,0,0,0,0,1,0,0,1,0,0,0,0,0,0,0,0,0,0,0,0,96,577,773,2,2,5,4,0
12,45,1,1,0,0,0,0,0,0,1,0,0,1,0,0,0,0,0,0,0,0,0,0,0,0,6,246,1424,1,1,9,5,0
12,3,1,1,0,0,0,0,0,0,1,0,0,0,0,0,0,0,0,0,0,0,0,0,0,0,50,139,150,1,1,10,4,0
12,1,1,0,0,0,0,0,1,0,1,0,0,0,0,0,0,0,0,1,0,0,0,0,0,0,52,-1,-1,1,1,10,4,0
12,27,1,1,1,0,1,0,1,1,1,1,0,1,0,1,0,1,1,1,1,1,0,0,0,0,138,205,809,1,1,9,5,0
12,45,1,1,0,0,0,0,0,0,1,0,0,1,0,0,0,0,0,0,0,0,0,0,0,0,166,776,1118,1,1,10,4,0
12,45,1,1,0,0,0,0,0,0,1,0,0,1,0,0,0,0,0,0,0,0,0,0,0,0,34,1760,329,1,1,9,5,0
12,45,1,1,0,0,0,0,0,0,1,0,0,1,0,0,0,0,0,0,0,0,0,0,0,0,92,456,594,1,1,10,5,0
12,45,1,1,0,0,0,0,0,0,1,0,0,1,0,0,0,0,0,0,0,0,0,0,0,0,3,370,468,2,2,6,4,0
12,1,1,0,0,0,0,0,1,0,1,0,0,0,0,0,0,0,0,1,0,0,0,0,0,0,164,290,344,1,1,10,4,0
12,45,1,1,0,0,0,0,0,0,1,0,0,1,0,0,0,0,0,0,0,0,0,0,0,0,31,33,34,2,2,6,4,0
12,45,1,1,0,0,0,0,0,0,1,0,0,1,0,0,0,0,0,0,0,0,0,0,0,0,82,554,740,1,1,10,4,0
12,3,1,1,0,0,0,0,0,0,1,0,0,0,0,0,0,0,0,0,0,0,0,0,0,0,23,46,49,2,2,-1,4,0
12,45,1,1,0,0,0,0,0,0,1,0,0,1,0,0,0,0,0,0,0,0,0,0,0,0,41,898,1308,1,1,10,4,0
12,45,1,1,0,0,0,0,0,0,1,0,0,1,0,0,0,0,0,0,0,0,0,0,0,0,102,138,149,2,2,4,5,0
12,45,1,1,0,0,0,0,0,0,1,0,0,1,0,0,0,0,0,0,0,0,0,0,0,0,109,378,479,1,1,9,5,0
12,45,1,1,0,0,0,0,0,0,1,0,0,1,0,0,0,0,0,0,0,0,0,0,0,0,144,219,254,1,1,10,4,0
12,45,1,1,0,0,0,0,0,0,1,0,0,1,0,0,0,0,0,0,0,0,0,0,0,0,80,1761,674,1,1,10,5,0
12,2,1,0,0,0,0,0,1,1,0,1,0,0,0,0,0,0,0,0,0,0,0,0,0,0,137,397,506,1,1,10,4,0
12,45,1,1,0,0,0,0,0,0,1,0,0,1,0,0,0,0,0,0,0,0,0,0,0,0,122,457,596,2,2,-1,4,0
12,5,1,0,0,0,0,0,1,0,0,0,0,0,0,0,0,0,1,0,0,0,0,0,0,0,85,278,331,2,2,-1,4,0
12,45,1,1,0,0,0,0,0,0,1,0,0,1,0,0,0,0,0,0,0,0,0,0,0,0,108,691,967,1,1,9,5,0
12,45,1,1,0,0,0,0,0,0,1,0,0,1,0,0,0,0,0,0,0,0,0,0,0,0,3,370,468,2,2,5,5,0
12,45,1,1,0,0,0,0,0,0,1,0,0,1,0,0,0,0,0,0,0,0,0,0,0,0,32,716,1087,1,1,10,5,0
12,45,1,1,0,0,0,0,0,0,1,0,0,1,0,0,0,0,0,0,0,0,0,0,0,0,32,716,1006,1,1,10,4,0
12,45,1,1,0,0,0,0,0,0,1,0,0,1,0,0,0,0,0,0,0,0,0,0,0,0,32,489,644,1,1,10,5,0
12,13,1,1,0,0,0,0,0,0,1,0,0,0,0,0,0,0,0,0,1,1,0,0,0,0,84,109,239,1,1,10,4,0
12,45,1,1,0,0,0,0,0,0,1,0,0,1,0,0,0,0,0,0,0,0,0,0,0,0,181,398,615,2,2,5,5,0
12,45,1,1,0,0,0,0,0,0,1,0,0,1,0,0,0,0,0,0,0,0,0,0,0,0,152,921,1346,1,1,10,4,0
12,45,1,1,0,0,0,0,0,0,1,0,0,1,0,0,0,0,0,0,0,0,0,0,0,0,132,393,499,2,2,4,5,0
12,13,1,1,0,0,0,0,0,0,1,0,0,0,0,0,0,0,0,0,1,1,0,0,0,0,85,278,593,1,1,10,4,0
12,2,1,0,0,0,0,0,1,1,0,1,0,0,0,0,0,0,0,0,0,0,0,0,0,0,20,20,21,1,1,10,5,0
12,45,1,1,0,0,0,0,0,0,1,0,0,1,0,0,0,0,0,0,0,0,0,0,0,0,171,947,1390,2,2,6,4,0
12,27,1,1,1,0,1,0,1,1,1,1,0,1,0,1,0,1,1,1,1,1,0,0,0,0,65,83,1447,1,1,10,5,0
12,45,1,1,0,0,0,0,0,0,1,0,0,1,0,0,0,0,0,0,0,0,0,0,0,0,86,112,1100,1,1,10,5,0
12,45,1,1,0,0,0,0,0,0,1,0,0,1,0,0,0,0,0,0,0,0,0,0,0,0,53,435,558,1,1,10,4,0
12,45,1,1,0,0,0,0,0,0,1,0,0,1,0,0,0,0,0,0,0,0,0,0,0,0,50,139,150,1,1,10,5,0
12,45,1,1,0,0,0,0,0,0,1,0,0,1,0,0,0,0,0,0,0,0,0,0,0,0,137,626,862,2,2,6,4,0
12,45,1,1,0,0,0,0,0,0,1,0,0,1,0,0,0,0,0,0,0,0,0,0,0,0,77,100,153,1,1,10,4,0
12,3,1,1,0,0,0,0,0,0,1,0,0,0,0,0,0,0,0,0,0,0,0,0,0,0,96,577,773,2,2,-1,4,0
12,45,1,1,0,0,0,0,0,0,1,0,0,1,0,0,0,0,0,0,0,0,0,0,0,0,59,73,79,1,1,8,5,0
12,27,1,1,1,0,1,0,1,1,1,1,0,1,0,1,0,1,1,1,1,1,0,0,0,0,191,484,636,1,1,10,5,0
12,45,1,1,0,0,0,0,0,0,1,0,0,1,0,0,0,0,0,0,0,0,0,0,0,0,54,369,465,1,1,9,5,1
12,45,1,1,0,0,0,0,0,0,1,0,0,1,0,0,0,0,0,0,0,0,0,0,0,0,21,21,1428,1,1,9,4,0
12,13,1,1,0,0,0,0,0,0,1,0,0,0,0,0,0,0,0,0,1,1,0,0,0,0,192,592,802,2,2,-1,4,0
12,27,1,1,1,0,1,0,1,1,1,1,0,1,0,1,0,1,1,1,1,1,0,0,0,0,33,302,911,1,1,9,5,0
12,45,1,1,0,0,0,0,0,0,1,0,0,1,0,0,0,0,0,0,0,0,0,0,0,0,82,467,612,1,1,10,5,0
12,45,1,1,0,0,0,0,0,0,1,0,0,1,0,0,0,0,0,0,0,0,0,0,0,0,71,91,1385,1,1,9,5,0
12,45,1,1,0,0,0,0,0,0,1,0,0,1,0,0,0,0,0,0,0,0,0,0,0,0,52,307,369,1,1,10,4,0
12,45,1,1,0,0,0,0,0,0,1,0,0,1,0,0,0,0,0,0,0,0,0,0,0,0,2,2,2,1,1,10,5,1
12,45,1,1,0,0,0,0,0,0,1,0,0,1,0,0,0,0,0,0,0,0,0,0,0,0,184,414,529,1,1,7,5,1
12,45,1,1,0,0,0,0,0,0,1,0,0,1,0,0,0,0,0,0,0,0,0,0,0,0,154,253,299,2,2,6,4,0
12,45,1,1,0,0,0,0,0,0,1,0,0,1,0,0,0,0,0,0,0,0,0,0,0,0,58,72,703,1,1,9,4,0
12,45,1,1,0,0,0,0,0,0,1,0,0,1,0,0,0,0,0,0,0,0,0,0,0,0,68,87,95,2,2,-1,4,0
12,45,1,1,0,0,0,0,0,0,1,0,0,1,0,0,0,0,0,0,0,0,0,0,0,0,174,396,505,1,1,10,4,0
12,27,1,1,1,0,1,0,1,1,1,1,0,1,0,1,0,1,1,1,1,1,0,0,0,0,14,256,461,1,1,9,5,0
12,45,1,1,0,0,0,0,0,0,1,0,0,1,0,0,0,0,0,0,0,0,0,0,0,0,18,426,547,1,1,10,5,0
12,27,1,1,1,0,1,0,1,1,1,1,0,1,0,1,0,1,1,1,1,1,0,0,0,0,108,367,462,1,1,9,5,0
12,45,1,1,0,0,0,0,0,0,1,0,0,1,0,0,0,0,0,0,0,0,0,0,0,0,17,634,875,1,1,10,5,1
12,7,1,1,0,0,0,0,0,0,0,0,0,1,0,0,0,0,0,0,0,0,0,0,0,0,32,737,1042,2,2,6,4,0
12,45,1,1,0,0,0,0,0,0,1,0,0,1,0,0,0,0,0,0,0,0,0,0,0,0,12,673,945,1,1,10,4,0
12,45,1,1,0,0,0,0,0,0,1,0,0,1,0,0,0,0,0,0,0,0,0,0,0,0,90,605,823,2,2,-1,4,0
12,45,1,1,0,0,0,0,0,0,1,0,0,1,0,0,0,0,0,0,0,0,0,0,0,0,49,1784,2213,1,1,10,4,0
12,45,1,1,0,0,0,0,0,0,1,0,0,1,0,0,0,0,0,0,0,0,0,0,0,0,13,13,13,2,2,5,4,0
12,1,1,0,0,0,0,0,1,0,1,0,0,0,0,0,0,0,0,1,0,0,0,0,0,0,173,331,942,1,1,10,4,0
13,45,1,1,0,0,0,0,0,0,1,0,0,1,0,0,0,0,0,0,0,0,0,0,0,0,72,715,1005,2,2,4,4,0
13,45,1,1,0,0,0,0,0,0,1,0,0,1,0,0,0,0,0,0,0,0,0,0,0,0,98,154,173,1,1,10,5,0
13,13,1,1,0,0,0,0,0,0,1,0,0,0,0,0,0,0,0,0,1,1,0,0,0,0,142,452,589,1,1,9,5,0
13,21,1,1,0,0,0,0,0,1,0,0,0,1,0,0,0,0,1,0,1,0,0,0,0,0,141,911,1327,1,1,10,4,0
13,45,1,1,0,0,0,0,0,0,1,0,0,1,0,0,0,0,0,0,0,0,0,0,0,0,10,388,493,1,1,10,4,0
13,45,1,1,0,0,0,0,0,0,1,0,0,1,0,0,0,0,0,0,0,0,0,0,0,0,145,1790,255,2,2,6,4,0
13,45,1,1,0,0,0,0,0,0,1,0,0,1,0,0,0,0,0,0,0,0,0,0,0,0,36,39,1148,1,1,10,5,0
13,45,1,1,0,0,0,0,0,0,1,0,0,1,0,0,0,0,0,0,0,0,0,0,0,0,201,637,879,2,2,-1,4,0
13,6,1,1,0,0,0,0,0,0,0,0,0,1,0,0,0,0,0,0,0,0,0,0,0,0,51,724,1018,1,1,10,5,0
13,45,1,1,0,0,0,0,0,0,1,0,0,1,0,0,0,0,0,0,0,0,0,0,0,0,80,104,114,1,1,10,4,0
13,3,1,1,0,0,0,0,0,0,1,0,0,0,0,0,0,0,0,0,0,0,0,0,0,0,18,78,85,2,2,-1,4,0
13,3,1,1,0,0,0,0,0,0,1,0,0,0,0,0,0,0,0,0,0,0,0,0,0,0,144,219,254,2,2,-1,4,0
13,1,1,0,0,0,0,0,1,0,1,0,0,0,0,0,0,0,0,1,0,0,0,0,0,0,42,49,52,1,1,10,5,0
13,45,1,1,0,0,0,0,0,0,1,0,0,1,0,0,0,0,0,0,0,0,0,0,0,0,190,1791,624,1,1,10,4,0
13,45,1,1,0,0,0,0,0,0,1,0,0,1,0,0,0,0,0,0,0,0,0,0,0,0,75,95,105,2,2,6,4,0
13,27,1,1,1,0,1,0,1,1,1,1,0,1,0,1,0,1,1,1,1,1,0,0,0,0,92,178,782,2,2,5,5,0
13,45,1,1,0,0,0,0,0,0,1,0,0,1,0,0,0,0,0,0,0,0,0,0,0,0,14,440,565,1,1,10,5,0
13,45,1,1,0,0,0,0,0,0,1,0,0,1,0,0,0,0,0,0,0,0,0,0,0,0,174,977,1431,1,1,8,5,0
13,3,1,1,0,0,0,0,0,0,1,0,0,0,0,0,0,0,0,0,0,0,0,0,0,0,132,393,1402,1,1,10,4,0
13,3,1,1,0,0,0,0,0,0,1,0,0,0,0,0,0,0,0,0,0,0,0,0,0,0,-1,-1,-1,2,2,4,4,0
13,11,1,1,0,0,0,0,0,0,1,0,0,0,0,0,0,0,0,1,0,0,0,0,0,0,-1,-1,-1,1,1,9,5,0
13,11,1,0,0,0,0,0,0,0,1,0,0,0,0,0,0,0,0,1,0,0,0,0,0,0,-1,-1,-1,1,1,9,5,0
13,7,1,1,0,0,0,0,0,0,0,0,0,1,0,0,0,0,0,0,0,0,0,0,0,0,98,186,212,1,1,10,4,0
13,27,1,1,1,0,1,0,1,1,1,1,0,1,0,1,0,1,1,1,1,1,0,0,0,0,33,302,364,1,1,10,5,0
13,3,1,1,0,0,0,0,0,0,1,0,0,0,0,0,0,0,0,0,0,0,0,0,0,0,106,145,161,2,2,6,4,0
13,45,1,1,0,0,0,0,0,0,1,0,0,1,0,0,0,0,0,0,0,0,0,0,0,0,86,112,122,1,1,10,4,0
13,45,1,1,0,0,0,0,0,0,1,0,0,1,0,0,0,0,0,0,0,0,0,0,0,0,2,2,2,2,2,4,5,0
13,45,1,1,0,0,0,0,0,0,1,0,0,1,0,0,0,0,0,0,0,0,0,0,0,0,3,738,1043,1,1,10,5,0
13,45,1,1,0,0,0,0,0,0,1,0,0,1,0,0,0,0,0,0,0,0,0,0,0,0,18,315,1022,1,1,10,5,0
13,45,1,1,0,0,0,0,0,0,1,0,0,1,0,0,0,0,0,0,0,0,0,0,0,0,34,48,51,1,1,10,5,0
13,3,1,1,0,0,0,0,0,0,1,0,0,0,0,0,0,0,0,0,0,0,0,0,0,0,9,9,9,1,1,10,4,0
13,45,1,1,0,0,0,0,0,0,1,0,0,1,0,0,0,0,0,0,0,0,0,0,0,0,34,48,51,2,2,6,4,0
13,45,1,1,0,0,0,0,0,0,1,0,0,1,0,0,0,0,0,0,0,0,0,0,0,0,18,38,325,1,1,10,5,0
13,45,1,1,0,0,0,0,0,0,1,0,0,1,0,0,0,0,0,0,0,0,0,0,0,0,138,205,235,2,2,-1,4,0
13,45,1,1,0,0,0,0,0,0,1,0,0,1,0,0,0,0,0,0,0,0,0,0,0,0,7,7,7,1,1,9,4,0
13,45,1,1,0,0,0,0,0,0,1,0,0,1,0,0,0,0,0,0,0,0,0,0,0,0,34,117,1045,2,2,6,4,0
13,45,1,1,0,0,0,0,0,0,1,0,0,1,0,0,0,0,0,0,0,0,0,0,0,0,37,1179,1708,2,2,6,4,0
13,45,1,1,0,0,0,0,0,0,1,0,0,1,0,0,0,0,0,0,0,0,0,0,0,0,2,2,2,1,1,7,4,0
13,45,1,1,0,0,0,0,0,0,1,0,0,1,0,0,0,0,0,0,0,0,0,0,0,0,128,189,216,1,1,10,4,0
13,45,1,1,0,0,0,0,0,0,1,0,0,1,0,0,0,0,0,0,0,0,0,0,0,0,96,126,137,1,1,10,4,0
13,21,1,1,0,0,0,0,1,1,1,0,0,1,0,0,0,0,1,0,0,0,0,0,0,0,3,26,27,1,1,9,5,0
13,45,1,1,0,0,0,0,0,0,1,0,0,1,0,0,0,0,0,0,0,0,0,0,0,0,107,459,600,1,1,10,5,0
13,45,1,1,0,0,0,0,0,0,1,0,0,1,0,0,0,0,0,0,0,0,0,0,0,0,186,422,543,1,1,10,4,0
13,21,1,1,1,0,0,0,1,1,1,0,0,1,0,0,0,0,1,0,0,1,0,0,0,0,116,521,691,1,1,10,5,0
13,45,1,1,0,0,0,0,0,0,1,0,0,1,0,0,0,0,0,0,0,0,0,0,0,0,70,164,184,1,1,9,4,0
13,45,1,1,0,0,0,0,0,0,1,0,0,1,0,0,0,0,0,0,0,0,0,0,0,0,211,1034,1524,1,1,10,4,0
13,3,1,1,0,0,0,0,0,0,1,0,0,0,0,0,0,0,0,0,0,0,0,0,0,0,156,264,1024,2,2,6,4,0
13,14,1,0,0,0,0,0,0,0,0,0,0,0,0,0,0,0,0,0,0,0,0,0,0,0,2,2,2,1,1,10,4,0
13,2,1,0,0,0,0,0,1,1,0,1,0,0,0,0,0,0,0,0,0,0,0,0,0,0,23,389,1440,1,1,8,4,0
13,45,1,1,0,0,0,0,0,0,1,0,0,1,0,0,0,0,0,0,0,0,0,0,0,0,64,80,87,1,1,10,4,0
13,45,1,1,0,0,0,0,0,0,1,0,0,1,0,0,0,0,0,0,0,0,0,0,0,0,32,1074,1516,2,2,6,4,0
13,45,1,1,0,0,0,0,0,0,1,0,0,1,0,0,0,0,0,0,0,0,0,0,0,0,73,106,116,1,1,10,5,0
13,1,1,0,0,0,0,0,1,0,1,0,0,0,0,0,0,0,0,1,0,0,0,0,0,0,153,602,819,1,1,10,4,0
13,45,1,1,0,0,0,0,0,0,1,0,0,1,0,0,0,0,0,0,0,0,0,0,0,0,38,41,323,2,2,-1,4,0
13,45,1,1,0,0,0,0,0,0,1,0,0,1,0,0,0,0,0,0,0,0,0,0,0,0,164,643,887,1,1,8,5,0
13,45,1,1,0,0,0,0,0,0,1,0,0,1,0,0,0,0,0,0,0,0,0,0,0,0,57,639,882,1,1,10,4,0
13,45,1,1,0,0,0,0,0,0,1,0,0,1,0,0,0,0,0,0,0,0,0,0,0,0,141,212,256,1,1,10,4,0
13,27,1,1,1,0,1,0,1,1,1,1,0,1,0,1,0,1,1,1,1,1,0,0,0,0,8,8,20,2,2,4,5,0
13,19,1,1,0,0,0,0,0,0,1,0,0,0,0,0,0,0,0,0,0,0,0,0,0,0,-1,-1,-1,1,1,9,4,0
13,45,1,1,0,0,0,0,0,0,1,0,0,1,0,0,0,0,0,0,0,0,0,0,0,0,138,205,235,1,1,9,4,0
13,45,1,1,0,0,0,0,0,0,1,0,0,1,0,0,0,0,0,0,0,0,0,0,0,0,137,292,834,1,1,10,4,0
13,45,1,1,0,0,0,0,0,0,1,0,0,1,0,0,0,0,0,0,0,0,0,0,0,0,110,239,328,1,1,10,4,0
13,45,1,1,0,0,0,0,0,0,1,0,0,1,0,0,0,0,0,0,0,0,0,0,0,0,72,183,207,1,1,10,5,0
13,45,1,1,0,0,0,0,0,0,1,0,0,1,0,0,0,0,0,0,0,0,0,0,0,0,107,998,1470,1,1,10,5,0
13,45,1,1,0,0,0,0,0,0,1,0,0,1,0,0,0,0,0,0,0,0,0,0,0,0,92,121,131,1,1,10,4,0
13,45,1,1,0,0,0,0,0,0,1,0,0,1,0,0,0,0,0,0,0,0,0,0,0,0,6,324,400,2,2,-1,4,0
13,45,1,1,0,0,0,0,0,0,1,0,0,1,0,0,0,0,0,0,0,0,0,0,0,0,127,188,215,1,1,10,5,0
13,45,1,1,0,0,0,0,0,0,1,0,0,1,0,0,0,0,0,0,0,0,0,0,0,0,201,637,879,1,1,8,4,0
13,45,1,1,0,0,0,0,0,0,1,0,0,1,0,0,0,0,0,0,0,0,0,0,0,0,7,7,7,1,1,8,4,0
13,3,1,1,0,0,0,0,0,0,1,0,0,0,0,0,0,0,0,0,0,0,0,0,0,0,-1,-1,-1,2,2,6,4,1
13,45,1,1,0,0,0,0,0,0,1,0,0,1,0,0,0,0,0,0,0,0,0,0,0,0,37,197,225,1,1,10,5,0
13,45,1,1,0,0,0,0,0,0,1,0,0,1,0,0,0,0,0,0,0,0,0,0,0,0,34,1401,1927,1,1,9,5,0
13,45,1,1,0,0,0,0,0,0,1,0,0,1,0,0,0,0,0,0,0,0,0,0,0,0,199,926,1354,1,1,10,5,0
13,45,1,1,0,0,0,0,0,0,1,0,0,1,0,0,0,0,0,0,0,0,0,0,0,0,147,1309,1842,2,2,5,4,0
13,27,1,1,1,0,1,0,1,1,1,1,0,1,0,1,0,1,1,1,1,1,0,0,0,0,26,27,28,1,1,9,5,0
13,45,1,1,0,0,0,0,0,0,1,0,0,1,0,0,0,0,0,0,0,0,0,0,0,0,6,448,583,2,2,6,4,0
13,45,1,1,0,0,0,0,0,0,1,0,0,1,0,0,0,0,0,0,0,0,0,0,0,0,52,845,1223,1,1,10,5,0
13,3,1,1,0,0,0,0,0,0,1,0,0,0,0,0,0,0,0,0,0,0,0,0,0,0,66,463,608,1,1,10,4,0
13,45,1,1,0,0,0,0,0,0,1,0,0,1,0,0,0,0,0,0,0,0,0,0,0,0,76,322,395,1,1,10,5,0
13,27,1,1,1,0,1,0,1,1,1,1,0,1,0,1,0,1,1,1,1,1,0,0,0,0,99,310,374,1,1,9,5,0
13,9,1,1,1,0,0,0,1,1,1,1,0,1,0,0,0,1,1,1,1,1,0,0,0,0,39,42,45,2,2,4,4,0
13,45,1,1,0,0,0,0,0,0,1,0,0,1,0,0,0,0,0,0,0,0,0,0,0,0,130,191,218,1,1,10,5,0
13,45,1,1,0,0,0,0,0,0,1,0,0,1,0,0,0,0,0,0,0,0,0,0,0,0,61,793,1149,1,1,10,5,0
13,101,1,1,0,0,0,0,0,0,0,0,0,0,0,0,0,0,1,0,0,0,0,0,0,0,50,60,65,1,1,10,4,0
13,45,1,1,0,0,0,0,0,0,1,0,0,1,0,0,0,0,0,0,0,0,0,0,0,0,69,541,723,1,1,10,4,0
13,45,1,1,0,0,0,0,0,0,1,0,0,1,0,0,0,0,0,0,0,0,0,0,0,0,71,91,99,1,1,7,4,0
13,45,1,1,0,0,0,0,0,0,1,0,0,1,0,0,0,0,0,0,0,0,0,0,0,0,142,215,249,1,1,10,4,0
13,45,1,1,0,0,0,0,0,0,1,0,0,1,0,0,0,0,0,0,0,0,0,0,0,0,139,768,406,1,1,10,5,0
13,2,1,0,0,0,0,0,1,1,0,1,0,0,0,0,0,0,0,0,0,0,0,0,0,0,93,122,534,1,1,10,4,0
13,27,1,1,1,0,1,0,1,1,1,1,0,1,0,1,0,1,1,1,1,1,0,0,0,0,40,1814,1595,1,1,9,5,0
13,45,1,1,0,0,0,0,0,0,1,0,0,1,0,0,0,0,0,0,0,0,0,0,0,0,16,16,155,1,1,7,4,0
13,21,1,1,0,0,0,0,1,1,1,0,0,1,0,0,0,0,1,0,0,0,0,0,0,0,141,212,387,1,1,10,5,0
13,45,1,1,0,0,0,0,0,0,1,0,0,1,0,0,0,0,0,0,0,0,0,0,0,0,149,229,1298,1,1,10,4,0
13,3,1,1,0,0,0,0,0,0,1,0,0,0,0,0,0,0,0,0,0,0,0,0,0,0,150,234,398,2,2,5,5,0
13,45,1,1,0,0,0,0,0,0,1,0,0,1,0,0,0,0,0,0,0,0,0,0,0,0,147,1076,1580,1,1,9,5,0
13,45,1,1,0,0,0,0,0,0,1,0,0,1,0,0,0,0,0,0,0,0,0,0,0,0,47,1339,1684,1,1,10,5,0
13,45,1,1,0,0,0,0,0,0,1,0,0,1,0,0,0,0,0,0,0,0,0,0,0,0,152,241,282,1,1,8,5,0
13,45,1,1,0,0,0,0,0,0,1,0,0,1,0,0,0,0,0,0,0,0,0,0,0,0,99,310,374,1,1,9,5,1
13,45,1,1,0,0,0,0,0,0,1,0,0,1,0,0,0,0,0,0,0,0,0,0,0,0,85,278,331,1,1,10,5,0
13,45,1,1,0,0,0,0,0,0,1,0,0,1,0,0,0,0,0,0,0,0,0,0,0,0,68,87,95,2,2,-1,4,0
13,45,1,1,0,0,0,0,0,0,1,0,0,1,0,0,0,0,0,0,0,0,0,0,0,0,212,821,1192,2,2,-1,4,0
13,45,1,1,0,0,0,0,0,0,1,0,0,1,0,0,0,0,0,0,0,0,0,0,0,0,3,370,468,2,2,-1,4,0
13,45,1,1,0,0,0,0,0,0,1,0,0,1,0,0,0,0,0,0,0,0,0,0,0,0,116,160,722,1,1,10,5,0
13,45,1,1,0,0,0,0,0,0,1,0,0,1,0,0,0,0,0,0,0,0,0,0,0,0,100,390,496,1,1,10,5,0
13,27,1,1,1,0,1,0,1,1,1,1,0,1,0,1,0,1,1,1,1,1,0,0,0,0,98,281,335,1,1,9,5,0
13,45,1,1,0,0,0,0,0,0,1,0,0,1,0,0,0,0,0,0,0,0,0,0,0,0,50,60,65,2,2,6,4,0
13,45,1,1,0,0,0,0,0,0,1,0,0,1,0,0,0,0,0,0,0,0,0,0,0,0,6,709,993,1,1,8,4,0
13,3,1,1,0,0,0,0,0,0,1,0,0,0,0,0,0,0,0,0,0,0,0,0,0,0,4,66,2065,2,2,6,5,0
13,45,1,1,0,0,0,0,0,0,1,0,0,1,0,0,0,0,0,0,0,0,0,0,0,0,38,41,295,1,1,10,4,0
13,8,1,1,0,0,0,0,0,0,1,0,0,0,0,0,0,0,0,0,0,0,0,0,0,0,61,660,915,2,2,5,5,0
13,45,1,1,0,0,0,0,0,0,1,0,0,1,0,0,0,0,0,0,0,0,0,0,0,0,115,159,178,1,1,10,4,0
13,2,1,0,0,0,0,0,1,1,0,1,0,0,0,0,0,0,0,0,0,0,0,0,0,0,57,1171,1697,1,1,9,4,0
13,3,1,1,0,0,0,0,0,0,1,0,0,0,0,0,0,0,0,0,0,0,0,0,0,0,31,33,34,2,2,4,4,0
13,45,1,1,0,0,0,0,0,0,1,0,0,1,0,0,0,0,0,0,0,0,0,0,0,0,85,203,231,1,1,10,4,0
13,45,1,1,0,0,0,0,0,0,1,0,0,1,0,0,0,0,0,0,0,0,0,0,0,0,93,122,1342,1,1,10,4,0
13,45,1,1,0,0,0,0,0,0,1,0,0,1,0,0,0,0,0,0,0,0,0,0,0,0,124,179,200,2,2,-1,4,0
13,27,1,1,1,0,1,0,1,1,1,1,0,1,0,1,0,1,1,1,1,1,0,0,0,0,70,164,184,1,1,10,5,0
13,45,1,1,0,0,0,0,0,0,1,0,0,1,0,0,0,0,0,0,0,0,0,0,0,0,6,460,741,2,2,6,4,0
13,45,1,1,0,0,0,0,0,0,1,0,0,1,0,0,0,0,0,0,0,0,0,0,0,0,118,163,183,1,1,10,4,0
13,45,1,1,0,0,0,0,0,0,1,0,0,1,0,0,0,0,0,0,0,0,0,0,0,0,33,257,307,1,1,10,5,0
13,45,1,1,0,0,0,0,0,0,1,0,0,1,0,0,0,0,0,0,0,0,0,0,0,0,108,691,967,2,2,-1,4,0
13,45,1,1,0,0,0,0,0,0,1,0,0,1,0,0,0,0,0,0,0,0,0,0,0,0,21,21,1242,2,2,5,4,0
13,27,1,1,1,0,1,0,1,1,1,1,0,1,0,1,0,1,1,1,1,1,0,0,0,0,191,214,1127,1,1,10,5,0
13,7,1,1,0,0,0,0,0,0,0,0,0,1,0,0,0,0,0,0,0,0,0,0,0,0,150,234,398,1,1,10,4,0
13,3,1,1,0,0,0,0,0,0,1,0,0,0,0,0,0,0,0,0,0,0,0,0,0,0,63,77,84,1,1,10,4,0
13,6,1,1,0,0,0,0,0,0,0,0,0,1,0,0,0,0,0,0,0,0,0,0,0,0,185,420,856,1,1,8,5,0
13,8,1,1,0,0,0,0,0,0,1,0,0,0,0,0,0,0,0,0,0,0,0,0,0,0,103,319,391,1,1,10,5,0
13,101,1,1,0,0,0,0,0,0,0,0,0,0,0,0,0,0,1,0,0,0,0,0,0,0,107,866,1257,1,1,10,4,0
13,101,1,1,0,0,0,0,0,0,0,0,0,0,0,0,0,0,1,0,0,0,0,0,0,0,187,462,605,1,1,10,4,0
13,27,1,1,1,0,1,0,1,1,1,1,0,1,0,1,0,1,1,1,1,1,0,0,0,0,7,7,652,1,1,10,5,0
13,2,1,0,0,0,0,0,1,1,0,1,0,0,0,0,0,0,0,0,0,0,0,0,0,0,105,143,538,2,2,6,4,0
13,1,1,0,0,0,0,0,1,0,1,0,0,0,0,0,0,0,0,1,0,0,0,0,0,0,148,226,441,2,2,6,4,0
9,45,1,1,0,0,0,0,0,0,1,0,0,1,0,0,0,0,0,0,0,0,0,0,0,0,33,302,364,1,1,9,5,0
9,3,1,1,0,0,0,0,0,0,1,0,0,0,0,0,0,0,0,0,0,0,0,0,0,0,23,23,24,2,2,4,5,0
9,18,0,1,0,0,0,0,0,1,0,0,0,0,0,0,0,0,0,0,0,0,0,0,0,0,73,93,101,1,1,10,4,0
9,45,1,1,0,0,0,0,0,0,1,0,0,1,0,0,0,0,0,0,0,0,0,0,0,0,6,631,869,1,1,10,5,0
9,45,1,1,0,0,0,0,0,0,1,0,0,1,0,0,0,0,0,0,0,0,0,0,0,0,143,217,252,1,1,10,4,0
9,45,1,1,0,0,0,0,0,0,1,0,0,1,0,0,0,0,0,0,0,0,0,0,0,0,86,112,122,2,2,4,5,0
9,1,1,0,0,0,0,0,1,0,1,0,0,0,0,0,0,0,0,1,0,0,0,0,0,0,50,137,148,1,1,10,4,0
9,45,1,1,0,0,0,0,0,0,1,0,0,1,0,0,0,0,0,0,0,0,0,0,0,0,-1,-1,-1,1,1,9,5,0
9,45,1,1,0,0,0,0,0,0,1,0,0,1,0,0,0,0,0,0,0,0,0,0,0,0,151,235,274,1,1,10,5,0
9,3,1,1,0,0,0,0,0,0,1,0,0,0,0,0,0,0,0,0,0,0,0,0,0,0,24,24,25,2,2,6,4,0
9,3,1,1,0,0,0,0,0,0,1,0,0,0,0,0,0,0,0,0,0,0,0,0,0,0,32,443,570,2,2,6,4,0
9,3,1,1,0,0,0,0,0,0,1,0,0,0,0,0,0,0,0,0,0,0,0,0,0,0,61,182,206,2,2,5,4,0
9,1,1,0,0,0,0,0,1,0,1,0,0,0,0,0,0,0,0,1,0,0,0,0,0,0,181,555,742,1,1,10,4,0
9,45,1,1,0,0,0,0,0,0,1,0,0,1,0,0,0,0,0,0,0,0,0,0,0,0,39,42,45,1,1,8,5,0
9,27,1,1,1,0,1,0,1,1,1,1,0,1,0,1,0,1,1,1,1,1,0,0,0,0,-1,-1,-1,1,1,10,5,0
9,45,1,1,0,0,0,0,0,0,1,0,0,1,0,0,0,0,0,0,0,0,0,0,0,0,107,647,1023,2,2,4,4,0
9,45,1,1,0,0,0,0,0,0,1,0,0,1,0,0,0,0,0,0,0,0,0,0,0,0,84,109,119,1,1,10,4,0
9,1,1,0,0,0,0,0,1,0,1,0,0,0,0,0,0,0,0,1,0,0,0,0,0,0,172,805,1171,1,1,10,4,0
9,45,1,1,0,0,0,0,0,0,1,0,0,1,0,0,0,0,0,0,0,0,0,0,0,0,64,80,87,1,1,10,5,0
9,45,1,1,0,0,0,0,0,0,1,0,0,1,0,0,0,0,0,0,0,0,0,0,0,0,6,448,583,1,1,10,4,0
9,27,1,1,1,0,1,0,1,1,1,1,0,1,0,1,0,1,1,1,1,1,0,0,0,0,26,27,28,1,1,10,5,0
9,27,1,1,1,0,1,0,1,1,1,1,0,1,0,1,0,1,1,1,1,1,0,0,0,0,42,49,52,1,1,9,5,0
9,45,1,1,0,0,0,0,0,0,1,0,0,1,0,0,0,0,0,0,0,0,0,0,0,0,98,813,1180,1,1,9,5,0
9,45,1,1,0,0,0,0,0,0,1,0,0,1,0,0,0,0,0,0,0,0,0,0,0,0,152,241,1488,1,1,10,4,0
9,1,1,0,0,0,0,0,1,0,1,0,0,0,0,0,0,0,0,1,0,0,0,0,0,0,37,1304,1838,1,1,10,5,0
9,45,1,1,0,0,0,0,0,0,1,0,0,1,0,0,0,0,0,0,0,0,0,0,0,0,49,1784,2213,2,2,6,5,0
9,45,1,1,0,0,0,0,0,0,1,0,0,1,0,0,0,0,0,0,0,0,0,0,0,0,18,315,1022,1,1,10,4,0
9,45,1,1,0,0,0,0,0,0,1,0,0,1,0,0,0,0,0,0,0,0,0,0,0,0,70,164,184,2,2,6,4,0
9,45,1,1,0,0,0,0,0,0,1,0,0,1,0,0,0,0,0,0,0,0,0,0,0,0,133,199,232,1,1,10,4,0
9,6,1,1,0,0,0,0,0,0,0,0,0,1,0,0,0,0,0,0,0,0,0,0,0,0,65,83,91,1,1,10,5,0
9,45,1,1,0,0,0,0,0,0,1,0,0,1,0,0,0,0,0,0,0,0,0,0,0,0,82,560,749,1,1,10,4,0
9,45,1,1,0,0,0,0,0,0,1,0,0,1,0,0,0,0,0,0,0,0,0,0,0,0,33,302,364,1,1,10,4,0
9,45,1,1,0,0,0,0,0,0,1,0,0,1,0,0,0,0,0,0,0,0,0,0,0,0,194,508,1617,1,1,10,4,0
9,45,1,1,0,0,0,0,0,0,1,0,0,1,0,0,0,0,0,0,0,0,0,0,0,0,14,256,461,1,1,10,4,0
9,45,1,1,0,0,0,0,0,0,1,0,0,1,0,0,0,0,0,0,0,0,0,0,0,0,31,33,34,1,1,10,5,0
9,45,1,1,0,0,0,0,0,0,1,0,0,1,0,0,0,0,0,0,0,0,0,0,0,0,89,118,128,2,2,5,4,0
9,45,1,1,0,0,0,0,0,0,1,0,0,1,0,0,0,0,0,0,0,0,0,0,0,0,34,48,51,1,1,9,5,0
9,45,1,1,0,0,0,0,0,0,1,0,0,1,0,0,0,0,0,0,0,0,0,0,0,0,107,149,168,1,1,10,5,0
9,45,1,1,0,0,0,0,0,0,1,0,0,1,0,0,0,0,0,0,0,0,0,0,0,0,-1,-1,-1,1,1,8,4,0
9,45,1,1,0,0,0,0,0,0,1,0,0,1,0,0,0,0,0,0,0,0,0,0,0,0,41,848,1228,2,2,-1,4,0
9,45,1,1,0,0,0,0,0,0,1,0,0,1,0,0,0,0,0,0,0,0,0,0,0,0,3,134,145,2,2,6,4,0
9,45,1,1,0,0,0,0,0,0,1,0,0,1,0,0,0,0,0,0,0,0,0,0,0,0,15,15,210,2,2,4,5,0
9,45,1,1,0,0,0,0,0,0,1,0,0,1,0,0,0,0,0,0,0,0,0,0,0,0,68,941,1381,1,1,9,5,0
9,45,1,1,0,0,0,0,0,0,1,0,0,1,0,0,0,0,0,0,0,0,0,0,0,0,86,112,695,1,1,9,5,0
9,27,1,1,1,0,1,0,1,1,1,1,0,1,0,1,0,1,1,1,1,1,0,0,0,0,26,27,28,2,2,6,5,0
9,45,1,1,0,0,0,0,0,0,1,0,0,1,0,0,0,0,0,0,0,0,0,0,0,0,32,1120,1643,2,2,6,4,0
9,45,1,1,0,0,0,0,0,0,1,0,0,1,0,0,0,0,0,0,0,0,0,0,0,0,13,13,13,2,2,-1,4,0
9,45,1,1,0,0,0,0,0,0,1,0,0,1,0,0,0,0,0,0,0,0,0,0,0,0,98,196,257,1,1,10,4,0
9,45,1,1,0,0,0,0,0,0,1,0,0,1,0,0,0,0,0,0,0,0,0,0,0,0,36,39,801,1,1,10,4,0
9,45,1,1,0,0,0,0,0,0,1,0,0,1,0,0,0,0,0,0,0,0,0,0,0,0,107,459,600,1,1,10,4,0
9,1,1,0,0,0,0,0,1,0,1,0,0,0,0,0,0,0,0,1,0,0,0,0,0,0,100,238,279,1,1,10,4,0
9,1,1,0,0,0,0,0,1,0,1,0,0,0,0,0,0,0,0,1,0,0,0,0,0,0,96,577,773,1,1,9,4,0
9,45,1,1,0,0,0,0,0,0,1,0,0,1,0,0,0,0,0,0,0,0,0,0,0,0,4,454,591,1,1,9,4,0
9,45,1,1,0,0,0,0,0,0,1,0,0,1,0,0,0,0,0,0,0,0,0,0,0,0,35,37,60,2,2,6,4,0
9,1,1,0,0,0,0,0,1,0,1,0,0,0,0,0,0,0,0,1,0,0,0,0,0,0,110,423,544,1,1,10,4,0
9,45,1,1,0,0,0,0,0,0,1,0,0,1,0,0,0,0,0,0,0,0,0,0,0,0,40,82,89,2,2,6,4,0
9,45,1,1,0,0,0,0,0,0,1,0,0,1,0,0,0,0,0,0,0,0,0,0,0,0,89,118,128,1,1,10,4,0
9,45,1,1,0,0,0,0,0,0,1,0,0,1,0,0,0,0,0,0,0,0,0,0,0,0,99,233,272,2,2,5,4,0
9,45,1,1,0,0,0,0,0,0,1,0,0,1,0,0,0,0,0,0,0,0,0,0,0,0,188,473,622,2,2,4,4,0
9,1,1,0,0,0,0,0,1,0,1,0,0,0,0,0,0,0,0,1,0,0,0,0,0,0,77,100,153,1,1,9,5,0
9,3,1,1,0,0,0,0,0,0,1,0,0,0,0,0,0,0,0,0,0,0,0,0,0,0,85,278,595,2,2,6,4,0
9,45,1,1,0,0,0,0,0,0,1,0,0,1,0,0,0,0,0,0,0,0,0,0,0,0,37,197,839,1,1,10,5,0
9,45,1,1,0,0,0,0,0,0,1,0,0,1,0,0,0,0,0,0,0,0,0,0,0,0,71,91,99,1,1,9,5,0
9,45,1,1,0,0,0,0,0,0,1,0,0,1,0,0,0,0,0,0,0,0,0,0,0,0,69,541,723,1,1,10,4,0
9,27,1,1,1,0,1,0,1,1,1,1,0,1,0,1,0,1,1,1,1,1,0,0,0,0,15,15,39,2,2,4,5,0
9,45,1,1,0,0,0,0,0,0,1,0,0,1,0,0,0,0,0,0,0,0,0,0,0,0,51,304,366,1,1,10,5,0
9,45,1,1,0,0,0,0,0,0,1,0,0,1,0,0,0,0,0,0,0,0,0,0,0,0,35,37,60,1,1,8,5,0
9,45,1,1,0,0,0,0,0,0,1,0,0,1,0,0,0,0,0,0,0,0,0,0,0,0,147,1076,1580,1,1,10,4,0
9,3,1,1,0,0,0,0,0,0,1,0,0,0,0,0,0,0,0,0,0,0,0,0,0,0,138,983,1442,2,2,6,4,0
9,45,1,1,0,0,0,0,0,0,1,0,0,1,0,0,0,0,0,0,0,0,0,0,0,0,102,138,149,2,2,-1,4,0
9,45,1,1,0,0,0,0,0,0,1,0,0,1,0,0,0,0,0,0,0,0,0,0,0,0,40,243,548,1,1,10,4,0
9,1,1,0,0,0,0,0,1,0,1,0,0,0,0,0,0,0,0,1,0,0,0,0,0,0,39,42,632,1,1,10,4,0
9,45,1,1,0,0,0,0,0,0,1,0,0,1,0,0,0,0,0,0,0,0,0,0,0,0,26,27,28,1,1,7,5,0
9,45,1,1,0,0,0,0,0,0,1,0,0,1,0,0,0,0,0,0,0,0,0,0,0,0,90,641,884,1,1,10,4,0
9,3,1,1,0,0,0,0,0,0,1,0,0,0,0,0,0,0,0,0,0,0,0,0,0,0,120,1065,1562,2,2,6,4,0
9,45,1,1,0,0,0,0,0,0,1,0,0,1,0,0,0,0,0,0,0,0,0,0,0,0,25,407,521,2,2,6,4,0
9,45,1,1,0,0,0,0,0,0,1,0,0,1,0,0,0,0,0,0,0,0,0,0,0,0,103,319,391,1,1,9,5,0
9,45,1,1,0,0,0,0,0,0,1,0,0,1,0,0,0,0,0,0,0,0,0,0,0,0,182,1000,1473,1,1,9,5,0
9,45,1,1,0,0,0,0,0,0,1,0,0,1,0,0,0,0,0,0,0,0,0,0,0,0,99,612,833,1,1,10,4,0
9,45,1,1,0,0,0,0,0,0,1,0,0,1,0,0,0,0,0,0,0,0,0,0,0,0,4,66,71,2,2,4,4,0
9,45,1,1,0,0,0,0,0,0,1,0,0,1,0,0,0,0,0,0,0,0,0,0,0,0,196,677,949,1,1,10,5,0
9,45,1,1,0,0,0,0,0,0,1,0,0,1,0,0,0,0,0,0,0,0,0,0,0,0,205,988,1454,1,1,9,4,0
9,45,1,1,0,0,0,0,0,0,1,0,0,1,0,0,0,0,0,0,0,0,0,0,0,0,179,581,781,2,2,-1,4,0
9,45,1,1,0,0,0,0,0,0,1,0,0,1,0,0,0,0,0,0,0,0,0,0,0,0,56,68,73,2,2,6,4,0
9,2,1,0,0,0,0,0,1,1,0,1,0,0,0,0,0,0,0,0,0,0,0,0,0,0,195,524,696,1,1,10,4,0
9,45,1,1,0,0,0,0,0,0,1,0,0,1,0,0,0,0,0,0,0,0,0,0,0,0,92,381,1036,1,1,8,5,0
9,27,1,1,1,0,1,0,1,1,1,1,0,1,0,1,0,1,1,1,1,1,0,0,0,0,127,188,215,1,1,8,5,0
9,2,1,0,0,0,0,0,1,1,0,1,0,0,0,0,0,0,0,0,0,0,0,0,0,0,52,531,706,1,1,9,5,0
9,45,1,1,0,0,0,0,0,0,1,0,0,1,0,0,0,0,0,0,0,0,0,0,0,0,29,355,811,2,2,6,4,0
9,45,1,1,0,0,0,0,0,0,1,0,0,1,0,0,0,0,0,0,0,0,0,0,0,0,36,39,1869,1,1,10,4,0
9,45,1,1,0,0,0,0,0,0,1,0,0,1,0,0,0,0,0,0,0,0,0,0,0,0,150,234,398,2,2,6,4,0
9,45,1,1,0,0,0,0,0,0,1,0,0,1,0,0,0,0,0,0,0,0,0,0,0,0,187,504,663,1,1,10,4,0
9,45,1,1,0,0,0,0,0,0,1,0,0,1,0,0,0,0,0,0,0,0,0,0,0,0,184,414,529,1,1,10,4,0
9,45,1,1,0,0,0,0,0,0,1,0,0,1,0,0,0,0,0,0,0,0,0,0,0,0,6,1003,1478,1,1,10,4,0
9,45,1,1,0,0,0,0,0,0,1,0,0,1,0,0,0,0,0,0,0,0,0,0,0,0,70,164,184,1,1,9,5,0
9,45,1,1,0,0,0,0,0,0,1,0,0,1,0,0,0,0,0,0,0,0,0,0,0,0,91,778,1120,1,1,10,5,0
9,45,1,1,0,0,0,0,0,0,1,0,0,1,0,0,0,0,0,0,0,0,0,0,0,0,56,550,734,1,1,9,5,0
9,45,1,1,0,0,0,0,0,0,1,0,0,1,0,0,0,0,0,0,0,0,0,0,0,0,2,2,2,1,1,8,4,0
9,45,1,1,0,0,0,0,0,0,1,0,0,1,0,0,0,0,0,0,0,0,0,0,0,0,68,1795,2217,1,1,10,4,0
9,45,1,1,0,0,0,0,0,0,1,0,0,1,0,0,0,0,0,0,0,0,0,0,0,0,6,402,515,1,1,9,5,0
9,1,1,0,0,0,0,0,1,0,1,0,0,0,0,0,0,0,0,1,0,0,0,0,0,0,49,734,1038,1,1,10,4,0
9,37,1,1,0,0,0,0,0,0,1,0,0,0,0,0,0,0,0,0,0,0,0,0,0,0,18,315,385,2,2,-1,4,0
9,6,1,1,0,0,0,0,0,0,0,0,0,1,0,0,0,0,0,0,0,0,0,0,0,0,36,39,1000,1,1,10,4,0
9,45,1,1,0,0,0,0,0,0,1,0,0,1,0,0,0,0,0,0,0,0,0,0,0,0,14,520,690,2,2,6,4,0
9,45,1,1,0,0,0,0,0,0,1,0,0,1,0,0,0,0,0,0,0,0,0,0,0,0,107,866,1257,1,1,10,5,0
9,45,1,1,0,0,0,0,0,0,1,0,0,1,0,0,0,0,0,0,0,0,0,0,0,0,41,230,974,2,2,-1,4,0
9,45,1,1,0,0,0,0,0,0,1,0,0,1,0,0,0,0,0,0,0,0,0,0,0,0,64,1676,2154,1,1,10,4,0
9,45,1,1,0,0,0,0,0,0,1,0,0,1,0,0,0,0,0,0,0,0,0,0,0,0,103,570,766,1,1,9,5,0
9,45,1,1,0,0,0,0,0,0,1,0,0,1,0,0,0,0,0,0,0,0,0,0,0,0,12,673,945,1,1,9,5,0
9,45,1,1,0,0,0,0,0,0,1,0,0,1,0,0,0,0,0,0,0,0,0,0,0,0,100,306,1511,1,1,10,4,0
9,7,1,1,0,0,0,0,0,0,0,0,0,1,0,0,0,0,0,0,0,0,0,0,0,0,46,55,430,1,1,10,4,0
9,45,1,1,0,0,0,0,0,0,1,0,0,1,0,0,0,0,0,0,0,0,0,0,0,0,119,167,187,1,1,10,4,0
9,45,1,1,0,0,0,0,0,0,1,0,0,1,0,0,0,0,0,0,0,0,0,0,0,0,4,66,71,1,1,8,5,0
9,45,1,1,0,0,0,0,0,0,1,0,0,1,0,0,0,0,0,0,0,0,0,0,0,0,32,1057,1259,1,1,10,4,0
9,1,1,0,0,0,0,0,1,0,1,0,0,0,0,0,0,0,0,1,0,0,0,0,0,0,31,33,1633,2,2,4,4,1
9,45,1,1,0,0,0,0,0,0,1,0,0,1,0,0,0,0,0,0,0,0,0,0,0,0,134,917,1341,1,1,10,4,0
9,45,1,1,0,0,0,0,0,0,1,0,0,1,0,0,0,0,0,0,0,0,0,0,0,0,58,72,703,1,1,7,5,0
9,6,1,1,0,0,0,0,0,0,0,0,0,1,0,0,0,0,0,0,0,0,0,0,0,0,39,42,45,1,1,9,4,0
9,45,1,1,0,0,0,0,0,0,1,0,0,1,0,0,0,0,0,0,0,0,0,0,0,0,18,646,895,1,1,10,5,0
9,45,1,1,0,0,0,0,0,0,1,0,0,1,0,0,0,0,0,0,0,0,0,0,0,0,122,1459,1978,1,1,9,5,0
9,5,1,0,0,0,0,0,1,0,0,0,0,0,0,0,0,0,1,0,0,0,0,0,0,0,40,633,1222,1,1,10,5,0
9,27,1,1,1,0,1,0,1,1,1,1,0,1,0,1,0,1,1,1,1,1,0,0,0,0,18,432,553,1,1,10,5,0
9,45,1,1,0,0,0,0,0,0,1,0,0,1,0,0,0,0,0,0,0,0,0,0,0,0,137,204,233,1,1,10,4,1
10,45,1,1,0,0,0,0,0,0,1,0,0,1,0,0,0,0,0,0,0,0,0,0,0,0,82,262,312,1,1,10,4,0
10,45,1,1,0,0,0,0,0,0,1,0,0,1,0,0,0,0,0,0,0,0,0,0,0,0,55,65,70,1,1,9,5,0
10,3,1,1,0,0,0,0,0,0,1,0,0,0,0,0,0,0,0,0,0,0,0,0,0,0,31,33,77,2,2,-1,4,0
10,45,1,1,0,0,0,0,0,0,1,0,0,1,0,0,0,0,0,0,0,0,0,0,0,0,103,319,391,1,1,10,5,0
10,45,1,1,0,0,0,0,0,0,1,0,0,1,0,0,0,0,0,0,0,0,0,0,0,0,147,417,535,1,1,9,5,0
10,16,1,1,0,0,0,0,1,0,1,1,0,0,0,0,0,0,0,0,0,0,0,0,0,0,32,301,362,1,1,9,4,0
10,45,1,1,0,0,0,0,0,0,1,0,0,1,0,0,0,0,0,0,0,0,0,0,0,0,41,559,1876,2,2,6,4,1
10,45,1,1,0,0,0,0,0,0,1,0,0,1,0,0,0,0,0,0,0,0,0,0,0,0,139,450,587,1,1,10,4,0
10,45,1,1,0,0,0,0,0,0,1,0,0,1,0,0,0,0,0,0,0,0,0,0,0,0,34,502,662,2,2,-1,4,0
10,27,1,1,1,0,1,0,1,1,1,1,0,1,0,1,0,1,1,1,1,1,0,0,0,0,11,11,11,1,1,10,5,0
10,45,1,1,0,0,0,0,0,0,1,0,0,1,0,0,0,0,0,0,0,0,0,0,0,0,44,52,825,1,1,9,4,0
10,45,1,1,0,0,0,0,0,0,1,0,0,1,0,0,0,0,0,0,0,0,0,0,0,0,34,48,51,2,2,6,4,0
10,27,1,1,1,0,1,0,1,1,1,1,0,1,0,1,0,1,1,1,1,1,0,0,0,0,94,124,135,1,1,10,5,0
10,45,1,1,0,0,0,0,0,0,1,0,0,1,0,0,0,0,0,0,0,0,0,0,0,0,50,619,919,1,1,8,4,0
10,45,1,1,0,0,0,0,0,0,1,0,0,1,0,0,0,0,0,0,0,0,0,0,0,0,43,51,55,1,1,9,5,0
10,45,1,1,0,0,0,0,0,0,1,0,0,1,0,0,0,0,0,0,0,0,0,0,0,0,50,139,150,1,1,10,4,0
10,45,1,1,0,0,0,0,0,0,1,0,0,1,0,0,0,0,0,0,0,0,0,0,0,0,64,80,87,1,1,10,4,0
10,45,1,1,0,0,0,0,0,0,1,0,0,1,0,0,0,0,0,0,0,0,0,0,0,0,89,118,128,2,2,5,4,0
10,27,1,1,1,0,1,0,1,1,1,1,0,1,0,1,0,1,1,1,1,1,0,0,0,0,2,2,2,1,1,10,5,0
10,45,1,1,0,0,0,0,0,0,1,0,0,1,0,0,0,0,0,0,0,0,0,0,0,0,115,159,178,1,1,10,5,0
10,45,1,1,0,0,0,0,0,0,1,0,0,1,0,0,0,0,0,0,0,0,0,0,0,0,58,72,78,1,1,10,4,0
10,45,1,1,0,0,0,0,0,0,1,0,0,1,0,0,0,0,0,0,0,0,0,0,0,0,120,169,469,1,1,10,4,0
10,45,1,1,0,0,0,0,0,0,1,0,0,1,0,0,0,0,0,0,0,0,0,0,0,0,18,315,1022,1,1,10,4,0
10,45,1,1,0,0,0,0,0,0,1,0,0,1,0,0,0,0,0,0,0,0,0,0,0,0,100,1611,2112,1,1,10,5,0
10,45,1,1,0,0,0,0,0,0,1,0,0,1,0,0,0,0,0,0,0,0,0,0,0,0,36,39,42,1,1,9,5,0
10,27,1,1,1,0,1,0,1,1,1,1,0,1,0,1,0,1,1,1,1,1,0,0,0,0,52,1168,1694,1,1,-1,5,0
10,45,1,1,0,0,0,0,0,0,1,0,0,1,0,0,0,0,0,0,0,0,0,0,0,0,145,511,674,1,1,10,5,0
10,1,1,0,0,0,0,0,1,0,1,0,0,0,0,0,0,0,0,1,0,0,0,0,0,0,86,112,695,1,1,10,4,0
10,45,1,1,0,0,0,0,0,0,1,0,0,1,0,0,0,0,0,0,0,0,0,0,0,0,96,577,773,2,2,5,4,0
10,27,1,1,1,0,1,0,1,1,1,1,0,1,0,1,0,1,1,1,1,1,0,0,0,0,52,1285,1823,1,1,10,5,0
10,27,1,1,1,0,1,0,1,1,1,1,0,1,0,1,0,1,1,1,1,1,0,0,0,0,65,83,91,1,1,10,5,0
10,45,1,1,0,0,0,0,0,0,1,0,0,1,0,0,0,0,0,0,0,0,0,0,0,0,117,1871,2040,1,1,8,5,0
10,45,1,1,0,0,0,0,0,0,1,0,0,1,0,0,0,0,0,0,0,0,0,0,0,0,163,288,450,1,1,10,5,0
10,45,1,1,0,0,0,0,0,0,1,0,0,1,0,0,0,0,0,0,0,0,0,0,0,0,165,293,349,1,1,10,4,0
10,45,1,1,0,0,0,0,0,0,1,0,0,1,0,0,0,0,0,0,0,0,0,0,0,0,7,7,7,2,2,6,4,1
10,3,1,1,0,0,0,0,0,0,1,0,0,0,0,0,0,0,0,0,0,0,0,0,0,0,50,60,737,2,2,6,4,0
10,3,1,1,0,0,0,0,0,0,1,0,0,0,0,0,0,0,0,0,0,0,0,0,0,0,44,52,1487,1,1,10,4,0
10,3,1,1,0,0,0,0,0,0,1,0,0,0,0,0,0,0,0,0,0,0,0,0,0,0,52,62,829,2,2,6,4,0
10,27,1,1,1,0,1,0,1,1,1,1,0,1,0,1,0,1,1,1,1,1,0,0,0,0,2,2,2,2,2,4,5,0
10,45,1,1,0,0,0,0,0,0,1,0,0,1,0,0,0,0,0,0,0,0,0,0,0,0,84,109,119,2,2,6,4,0
10,45,1,1,0,0,0,0,0,0,1,0,0,1,0,0,0,0,0,0,0,0,0,0,0,0,60,1102,1614,1,1,10,4,0
10,45,1,1,0,0,0,0,0,0,1,0,0,1,0,0,0,0,0,0,0,0,0,0,0,0,99,1406,1930,1,1,10,5,0
10,45,1,1,0,0,0,0,0,0,1,0,0,1,0,0,0,0,0,0,0,0,0,0,0,0,4,252,298,2,2,5,4,0
10,45,1,1,0,0,0,0,0,0,1,0,0,1,0,0,0,0,0,0,0,0,0,0,0,0,104,142,157,2,2,6,4,0
10,45,1,1,0,0,0,0,0,0,1,0,0,1,0,0,0,0,0,0,0,0,0,0,0,0,14,14,14,1,1,10,4,0
10,45,1,1,0,0,0,0,0,0,1,0,0,1,0,0,0,0,0,0,0,0,0,0,0,0,175,339,418,1,1,9,5,0
10,45,1,1,0,0,0,0,0,0,1,0,0,1,0,0,0,0,0,0,0,0,0,0,0,0,129,190,217,2,2,4,5,0
10,45,1,1,0,0,0,0,0,0,1,0,0,1,0,0,0,0,0,0,0,0,0,0,0,0,141,399,509,1,1,10,4,0
10,3,1,1,0,0,0,0,0,0,1,0,0,0,0,0,0,0,0,0,0,0,0,0,0,0,106,317,648,2,2,6,5,0
10,3,1,1,0,0,0,0,0,0,1,0,0,0,0,0,0,0,0,0,0,0,0,0,0,0,35,37,1685,2,2,6,4,0
10,3,1,1,0,0,0,0,0,0,1,0,0,0,0,0,0,0,0,0,0,0,0,0,0,0,110,493,649,1,1,10,4,0
10,45,1,1,0,0,0,0,0,0,1,0,0,1,0,0,0,0,0,0,0,0,0,0,0,0,106,377,478,1,1,10,5,0
10,45,1,1,0,0,0,0,0,0,1,0,0,1,0,0,0,0,0,0,0,0,0,0,0,0,133,668,935,1,1,10,4,0
10,6,1,1,0,0,0,0,0,0,0,0,0,1,0,0,0,0,0,0,0,0,0,0,0,0,2,2,2,1,1,9,4,0
10,45,1,1,0,0,0,0,0,0,1,0,0,1,0,0,0,0,0,0,0,0,0,0,0,0,2,2,2,1,1,7,4,0
10,45,1,1,0,0,0,0,0,0,1,0,0,1,0,0,0,0,0,0,0,0,0,0,0,0,37,197,225,2,2,6,4,0
10,45,1,1,0,0,0,0,0,0,1,0,0,1,0,0,0,0,0,0,0,0,0,0,0,0,141,212,256,1,1,10,4,0
10,45,1,1,0,0,0,0,0,0,1,0,0,1,0,0,0,0,0,0,0,0,0,0,0,0,100,135,146,2,2,6,4,0
10,45,1,1,0,0,0,0,0,0,1,0,0,1,0,0,0,0,0,0,0,0,0,0,0,0,138,205,235,1,1,9,5,0
10,45,1,1,0,0,0,0,0,0,1,0,0,1,0,0,0,0,0,0,0,0,0,0,0,0,63,77,84,1,1,9,5,0
10,45,1,1,0,0,0,0,0,0,1,0,0,1,0,0,0,0,0,0,0,0,0,0,0,0,68,690,966,1,1,9,5,0
10,45,1,1,0,0,0,0,0,0,1,0,0,1,0,0,0,0,0,0,0,0,0,0,0,0,99,310,2034,1,1,10,5,1
10,27,1,1,1,0,1,0,1,1,1,1,0,1,0,1,0,1,1,1,1,1,0,0,0,0,23,23,209,1,1,10,5,0
10,45,1,1,0,0,0,0,0,0,1,0,0,1,0,0,0,0,0,0,0,0,0,0,0,0,27,729,1027,1,1,10,5,0
10,45,1,1,0,0,0,0,0,0,1,0,0,1,0,0,0,0,0,0,0,0,0,0,0,0,36,39,508,1,1,10,4,0
10,2,1,0,0,0,0,0,1,1,0,1,0,0,0,0,0,0,0,0,0,0,0,0,0,0,163,288,757,1,1,10,4,0
10,1,1,0,0,0,0,0,1,0,1,0,0,0,0,0,0,0,0,1,0,0,0,0,0,0,191,676,948,1,1,10,4,0
10,45,1,1,0,0,0,0,0,0,1,0,0,1,0,0,0,0,0,0,0,0,0,0,0,0,100,352,433,1,1,10,5,0
10,45,1,1,0,0,0,0,0,0,1,0,0,1,0,0,0,0,0,0,0,0,0,0,0,0,58,72,703,1,1,10,4,0
10,45,1,1,0,0,0,0,0,0,1,0,0,1,0,0,0,0,0,0,0,0,0,0,0,0,3,738,1043,1,1,10,4,0
10,45,1,1,0,0,0,0,0,0,1,0,0,1,0,0,0,0,0,0,0,0,0,0,0,0,76,322,395,1,1,10,4,0
10,27,1,1,1,0,1,0,1,1,1,1,0,1,0,1,0,1,1,1,1,1,0,0,0,0,4,66,71,1,1,9,5,0
10,45,1,1,0,0,0,0,0,0,1,0,0,1,0,0,0,0,0,0,0,0,0,0,0,0,77,100,153,1,1,10,5,0
10,45,1,1,0,0,0,0,0,0,1,0,0,1,0,0,0,0,0,0,0,0,0,0,0,0,129,190,217,1,1,10,5,1
10,27,1,1,1,0,1,0,1,1,1,1,0,1,0,1,0,1,1,1,1,1,0,0,0,0,130,814,1181,2,2,4,5,0
10,2,1,0,0,0,0,0,1,1,0,1,0,0,0,0,0,0,0,0,0,0,0,0,0,0,143,217,908,1,1,10,4,0
10,21,1,1,0,0,0,0,0,1,0,0,0,1,0,0,0,0,1,0,1,0,0,0,0,0,23,46,49,2,2,-1,4,0
10,45,1,1,0,0,0,0,0,0,1,0,0,1,0,0,0,0,0,0,0,0,0,0,0,0,14,256,461,2,2,5,4,0
10,45,1,1,0,0,0,0,0,0,1,0,0,1,0,0,0,0,0,0,0,0,0,0,0,0,106,557,745,1,1,10,4,0
10,45,1,1,0,0,0,0,0,0,1,0,0,1,0,0,0,0,0,0,0,0,0,0,0,0,15,15,15,1,1,10,5,0
10,45,1,1,0,0,0,0,0,0,1,0,0,1,0,0,0,0,0,0,0,0,0,0,0,0,14,256,449,1,1,10,4,0
10,45,1,1,0,0,0,0,0,0,1,0,0,1,0,0,0,0,0,0,0,0,0,0,0,0,10,10,10,1,1,10,4,0
10,45,1,1,0,0,0,0,0,0,1,0,0,1,0,0,0,0,0,0,0,0,0,0,0,0,21,21,202,1,1,10,5,0
10,45,1,1,0,0,0,0,0,0,1,0,0,1,0,0,0,0,0,0,0,0,0,0,0,0,115,159,178,2,2,-1,4,0
10,45,1,1,0,0,0,0,0,0,1,0,0,1,0,0,0,0,0,0,0,0,0,0,0,0,98,445,574,1,1,9,5,0
10,45,1,1,0,0,0,0,0,0,1,0,0,1,0,0,0,0,0,0,0,0,0,0,0,0,49,453,590,1,1,10,5,0
10,14,1,0,0,0,0,0,0,0,0,0,0,0,0,0,0,0,0,0,0,0,0,0,0,0,37,197,225,2,2,-1,4,0
10,45,1,1,0,0,0,0,0,0,1,0,0,1,0,0,0,0,0,0,0,0,0,0,0,0,145,338,372,1,1,10,4,0
10,45,1,1,0,0,0,0,0,0,1,0,0,1,0,0,0,0,0,0,0,0,0,0,0,0,60,429,1020,1,1,10,4,0
10,45,1,1,0,0,0,0,0,0,1,0,0,1,0,0,0,0,0,0,0,0,0,0,0,0,129,190,217,2,2,-1,4,0
10,45,1,1,0,0,0,0,0,0,1,0,0,1,0,0,0,0,0,0,0,0,0,0,0,0,18,18,18,1,1,10,5,0
10,27,1,1,1,0,1,0,1,1,1,1,0,1,0,1,0,1,1,1,1,1,0,0,0,0,177,703,982,2,2,4,5,0
10,6,1,1,0,0,0,0,0,0,0,0,0,1,0,0,0,0,0,0,0,0,0,0,0,0,87,115,125,1,1,10,4,0
10,45,1,1,0,0,0,0,0,0,1,0,0,1,0,0,0,0,0,0,0,0,0,0,0,0,62,615,840,1,1,10,4,0
10,27,1,1,1,0,1,0,1,1,1,1,0,1,0,1,0,1,1,1,1,1,0,0,0,0,101,136,147,1,1,10,5,0
10,45,1,1,0,0,0,0,0,0,1,0,0,1,0,0,0,0,0,0,0,0,0,0,0,0,42,185,211,1,1,9,5,0
10,9,1,1,1,0,0,0,1,1,1,1,0,1,0,0,0,1,1,1,1,1,0,0,0,0,110,239,328,2,2,-1,4,1
10,45,1,1,0,0,0,0,0,0,1,0,0,1,0,0,0,0,0,0,0,0,0,0,0,0,107,758,1086,1,1,9,5,0
10,45,1,1,0,0,0,0,0,0,1,0,0,1,0,0,0,0,0,0,0,0,0,0,0,0,66,85,93,1,1,10,4,0
10,1,1,0,0,0,0,0,1,0,1,0,0,0,0,0,0,0,0,1,0,0,0,0,0,0,4,4,4,1,1,10,5,0
10,45,1,1,0,0,0,0,0,0,1,0,0,1,0,0,0,0,0,0,0,0,0,0,0,0,145,449,586,1,1,9,5,0
10,1,1,0,0,0,0,0,1,0,1,0,0,0,0,0,0,0,0,1,0,0,0,0,0,0,192,782,1130,1,1,10,5,0
10,45,1,1,0,0,0,0,0,0,1,0,0,1,0,0,0,0,0,0,0,0,0,0,0,0,52,1084,1591,1,1,9,5,0
10,1,1,0,0,0,0,0,1,0,1,0,0,0,0,0,0,0,0,1,0,0,0,0,0,0,32,562,752,1,1,9,4,0
10,14,1,0,0,0,0,0,0,0,0,0,0,0,0,0,0,0,0,0,0,0,0,0,0,0,78,101,111,2,2,-1,4,0
10,45,1,1,0,0,0,0,0,0,1,0,0,1,0,0,0,0,0,0,0,0,0,0,0,0,40,43,855,1,1,7,5,0
10,45,1,1,0,0,0,0,0,0,1,0,0,1,0,0,0,0,0,0,0,0,0,0,0,0,57,114,896,1,1,10,5,0
10,45,1,1,0,0,0,0,0,0,1,0,0,1,0,0,0,0,0,0,0,0,0,0,0,0,48,513,677,1,1,10,5,0
10,45,1,1,0,0,0,0,0,0,1,0,0,1,0,0,0,0,0,0,0,0,0,0,0,0,106,377,478,1,1,9,5,0
10,1,1,0,0,0,0,0,1,0,1,0,0,0,0,0,0,0,0,1,0,0,0,0,0,0,145,1176,1702,1,1,9,4,0
10,45,1,1,0,0,0,0,0,0,1,0,0,1,0,0,0,0,0,0,0,0,0,0,0,0,180,394,500,1,1,10,4,0
10,18,0,1,0,0,0,0,0,1,0,0,0,0,0,0,0,0,0,0,0,0,0,0,0,0,71,91,1053,1,1,10,4,0
10,27,1,1,1,0,1,0,1,1,1,1,0,1,0,1,0,1,1,1,1,1,0,0,0,0,103,1891,1230,1,1,9,5,0
10,45,1,1,0,0,0,0,0,0,1,0,0,1,0,0,0,0,0,0,0,0,0,0,0,0,6,631,869,1,1,10,5,0
10,27,1,1,1,0,1,0,1,1,1,1,0,1,0,1,0,1,1,1,1,1,0,0,0,0,105,143,158,1,1,9,5,0
10,6,1,1,0,0,0,0,0,0,0,0,0,1,0,0,0,0,0,0,0,0,0,0,0,0,108,151,170,1,1,10,4,0
10,45,1,1,0,0,0,0,0,0,1,0,0,1,0,0,0,0,0,0,0,0,0,0,0,0,33,99,463,2,2,6,4,0
10,45,1,1,0,0,0,0,0,0,1,0,0,1,0,0,0,0,0,0,0,0,0,0,0,0,81,413,528,1,1,10,4,0
10,6,1,1,0,0,0,0,0,0,0,0,0,1,0,0,0,0,0,0,0,0,0,0,0,0,8,8,8,1,1,10,4,0
10,45,1,1,0,0,0,0,0,0,1,0,0,1,0,0,0,0,0,0,0,0,0,0,0,0,8,8,8,1,1,10,5,0
10,1,1,0,0,0,0,0,1,0,1,0,0,0,0,0,0,0,0,1,0,0,0,0,0,0,23,389,494,1,1,10,4,0
10,45,1,1,0,0,0,0,0,0,1,0,0,1,0,0,0,0,0,0,0,0,0,0,0,0,19,19,19,1,1,9,5,0
10,45,1,1,0,0,0,0,0,0,1,0,0,1,0,0,0,0,0,0,0,0,0,0,0,0,122,1459,1978,2,2,6,4,0
10,45,1,1,0,0,0,0,0,0,1,0,0,1,0,0,0,0,0,0,0,0,0,0,0,0,133,199,232,1,1,10,4,0
10,45,1,1,0,0,0,0,0,0,1,0,0,1,0,0,0,0,0,0,0,0,0,0,0,0,40,131,142,1,1,7,5,0
11,45,1,1,0,0,0,0,0,0,1,0,0,1,0,0,0,0,0,0,0,0,0,0,0,0,4,66,71,1,1,8,4,0
11,45,1,1,0,0,0,0,0,0,1,0,0,1,0,0,0,0,0,0,0,0,0,0,0,0,69,88,96,1,1,10,4,0
11,45,1,1,0,0,0,0,0,0,1,0,0,1,0,0,0,0,0,0,0,0,0,0,0,0,183,405,519,2,2,6,4,0
11,45,1,1,0,0,0,0,0,0,1,0,0,1,0,0,0,0,0,0,0,0,0,0,0,0,63,77,84,1,1,10,4,0
11,3,1,1,0,0,0,0,0,0,1,0,0,0,0,0,0,0,0,0,0,0,0,0,0,0,69,88,96,2,2,6,4,0
11,45,1,1,0,0,0,0,0,0,1,0,0,1,0,0,0,0,0,0,0,0,0,0,0,0,6,1016,1502,2,2,-1,4,0
11,45,1,1,0,0,0,0,0,0,1,0,0,1,0,0,0,0,0,0,0,0,0,0,0,0,23,23,209,2,2,6,4,0
11,45,1,1,0,0,0,0,0,0,1,0,0,1,0,0,0,0,0,0,0,0,0,0,0,0,50,137,148,1,1,10,5,0
11,45,1,1,0,0,0,0,0,0,1,0,0,1,0,0,0,0,0,0,0,0,0,0,0,0,119,209,240,2,2,6,4,0
11,45,1,1,0,0,0,0,0,0,1,0,0,1,0,0,0,0,0,0,0,0,0,0,0,0,23,389,494,1,1,10,4,0
11,45,1,1,0,0,0,0,0,0,1,0,0,1,0,0,0,0,0,0,0,0,0,0,0,0,18,828,1200,1,1,10,4,0
11,45,1,1,0,0,0,0,0,0,1,0,0,1,0,0,0,0,0,0,0,0,0,0,0,0,32,829,1227,1,1,10,4,0
11,45,1,1,0,0,0,0,0,0,1,0,0,1,0,0,0,0,0,0,0,0,0,0,0,0,6,168,188,1,1,10,5,0
11,45,1,1,0,0,0,0,0,0,1,0,0,1,0,0,0,0,0,0,0,0,0,0,0,0,107,459,600,1,1,10,5,0
11,45,1,1,0,0,0,0,0,0,1,0,0,1,0,0,0,0,0,0,0,0,0,0,0,0,145,1496,1910,1,1,10,5,0
11,3,1,1,0,0,0,0,0,0,1,0,0,0,0,0,0,0,0,0,0,0,0,0,0,0,155,255,304,1,1,10,4,0
11,45,1,1,0,0,0,0,0,0,1,0,0,1,0,0,0,0,0,0,0,0,0,0,0,0,3,370,468,1,1,10,5,0
11,45,1,1,0,0,0,0,0,0,1,0,0,1,0,0,0,0,0,0,0,0,0,0,0,0,75,535,715,1,1,10,4,0
11,1,1,0,0,0,0,0,1,0,1,0,0,0,0,0,0,0,0,1,0,0,0,0,0,0,152,363,455,1,1,10,4,1
11,45,1,1,0,0,0,0,0,0,1,0,0,1,0,0,0,0,0,0,0,0,0,0,0,0,165,1032,1523,1,1,9,5,0
11,13,1,1,0,0,0,0,0,0,1,0,0,0,0,0,0,0,0,0,1,1,0,0,0,0,116,160,722,1,1,10,4,0
11,45,1,1,0,0,0,0,0,0,1,0,0,1,0,0,0,0,0,0,0,0,0,0,0,0,185,1314,1849,1,1,9,4,0
11,27,1,1,1,0,1,0,1,1,1,1,0,1,0,1,0,1,1,1,1,1,0,0,0,0,61,793,2076,2,2,6,5,0
11,45,1,1,0,0,0,0,0,0,1,0,0,1,0,0,0,0,0,0,0,0,0,0,0,0,129,190,1623,1,1,10,4,0
11,27,1,1,1,0,1,0,1,1,1,1,0,1,0,1,0,1,1,1,1,1,0,0,0,0,89,118,128,1,1,9,5,0
11,45,1,1,0,0,0,0,0,0,1,0,0,1,0,0,0,0,0,0,0,0,0,0,0,0,194,508,667,1,1,10,4,0
11,45,1,1,0,0,0,0,0,0,1,0,0,1,0,0,0,0,0,0,0,0,0,0,0,0,33,47,50,1,1,9,5,0
11,3,1,1,0,0,0,0,0,0,1,0,0,0,0,0,0,0,0,0,0,0,0,0,0,0,46,55,988,1,1,10,4,0
11,45,1,1,0,0,0,0,0,0,1,0,0,1,0,0,0,0,0,0,0,0,0,0,0,0,37,197,225,2,2,6,4,0
11,45,1,1,0,0,0,0,0,0,1,0,0,1,0,0,0,0,0,0,0,0,0,0,0,0,151,235,274,1,1,10,4,0
11,45,1,1,0,0,0,0,0,0,1,0,0,1,0,0,0,0,0,0,0,0,0,0,0,0,168,308,370,1,1,9,5,0
11,45,1,1,0,0,0,0,0,0,1,0,0,1,0,0,0,0,0,0,0,0,0,0,0,0,111,155,348,1,1,10,5,0
11,45,1,1,0,0,0,0,0,0,1,0,0,1,0,0,0,0,0,0,0,0,0,0,0,0,40,795,1154,1,1,10,4,0
11,27,1,1,1,0,1,0,1,1,1,1,0,1,0,1,0,1,1,1,1,1,0,0,0,0,65,83,91,1,1,10,5,0
11,45,1,1,0,0,0,0,0,0,1,0,0,1,0,0,0,0,0,0,0,0,0,0,0,0,107,937,1371,1,1,9,5,0
11,45,1,1,0,0,0,0,0,0,1,0,0,1,0,0,0,0,0,0,0,0,0,0,0,0,104,142,157,2,2,6,4,0
11,45,1,1,0,0,0,0,0,0,1,0,0,1,0,0,0,0,0,0,0,0,0,0,0,0,205,893,1300,1,1,10,5,0
11,17,1,1,0,0,0,0,0,0,1,0,0,0,0,0,0,0,0,0,0,0,0,0,0,0,133,199,232,1,1,10,5,0
11,45,1,1,0,0,0,0,0,0,1,0,0,1,0,0,0,0,0,0,0,0,0,0,0,0,173,331,408,2,2,6,4,0
11,45,1,1,0,0,0,0,0,0,1,0,0,1,0,0,0,0,0,0,0,0,0,0,0,0,14,256,461,1,1,10,5,0
11,45,1,1,0,0,0,0,0,0,1,0,0,1,0,0,0,0,0,0,0,0,0,0,0,0,14,903,1315,1,1,10,4,0
11,45,1,1,0,0,0,0,0,0,1,0,0,1,0,0,0,0,0,0,0,0,0,0,0,0,2,2,2,1,1,9,5,0
11,45,1,1,0,0,0,0,0,0,1,0,0,1,0,0,0,0,0,0,0,0,0,0,0,0,109,342,421,1,1,10,5,0
11,45,1,1,0,0,0,0,0,0,1,0,0,1,0,0,0,0,0,0,0,0,0,0,0,0,191,622,1215,2,2,6,4,0
11,45,1,1,0,0,0,0,0,0,1,0,0,1,0,0,0,0,0,0,0,0,0,0,0,0,24,24,25,1,1,10,4,0
11,21,1,1,0,0,0,0,0,1,0,0,0,1,0,0,0,0,1,0,1,0,0,0,0,0,68,146,1518,1,1,10,4,0
11,45,1,1,0,0,0,0,0,0,1,0,0,1,0,0,0,0,0,0,0,0,0,0,0,0,71,91,99,1,1,9,4,0
11,45,1,1,0,0,0,0,0,0,1,0,0,1,0,0,0,0,0,0,0,0,0,0,0,0,23,23,1162,1,1,9,5,0
11,45,1,1,0,0,0,0,0,0,1,0,0,1,0,0,0,0,0,0,0,0,0,0,0,0,31,33,34,1,1,9,5,0
11,27,1,1,1,0,1,0,1,1,1,1,0,1,0,1,0,1,1,1,1,1,0,0,0,0,114,158,346,1,1,9,5,0
11,45,1,1,0,0,0,0,0,0,1,0,0,1,0,0,0,0,0,0,0,0,0,0,0,0,135,201,229,2,2,4,5,0
11,45,1,1,0,0,0,0,0,0,1,0,0,1,0,0,0,0,0,0,0,0,0,0,0,0,202,589,797,1,1,10,5,0
11,45,1,1,0,0,0,0,0,0,1,0,0,1,0,0,0,0,0,0,0,0,0,0,0,0,151,235,274,2,2,6,4,0
11,27,1,1,1,0,1,0,1,1,1,1,0,1,0,1,0,1,1,1,1,1,0,0,0,0,33,99,463,1,1,9,5,0
11,6,1,1,0,0,0,0,0,0,0,0,0,1,0,0,0,0,0,0,0,0,0,0,0,0,41,90,517,1,1,10,4,0
11,45,1,1,0,0,0,0,0,0,1,0,0,1,0,0,0,0,0,0,0,0,0,0,0,0,100,1817,2231,1,1,10,4,0
11,45,1,1,0,0,0,0,0,0,1,0,0,1,0,0,0,0,0,0,0,0,0,0,0,0,68,162,182,1,1,10,5,0
11,45,1,1,0,0,0,0,0,0,1,0,0,1,0,0,0,0,0,0,0,0,0,0,0,0,2,2,2,2,2,6,4,1
11,45,1,1,0,0,0,0,0,0,1,0,0,1,0,0,0,0,0,0,0,0,0,0,0,0,26,27,28,2,2,4,5,0
11,27,1,1,1,0,1,0,1,1,1,1,0,1,0,1,0,1,1,1,1,1,0,0,0,0,-1,-1,-1,2,2,5,5,0
11,27,1,1,1,0,1,0,1,1,1,1,0,1,0,1,0,1,1,1,1,1,0,0,0,0,29,391,497,2,2,4,5,0
11,45,1,1,0,0,0,0,0,0,1,0,0,1,0,0,0,0,0,0,0,0,0,0,0,0,101,1192,1724,1,1,10,4,0
11,45,1,1,0,0,0,0,0,0,1,0,0,1,0,0,0,0,0,0,0,0,0,0,0,0,90,605,823,2,2,-1,4,0
11,45,1,1,0,0,0,0,0,0,1,0,0,1,0,0,0,0,0,0,0,0,0,0,0,0,18,315,385,2,2,-1,4,0
11,3,1,1,0,0,0,0,0,0,1,0,0,0,0,0,0,0,0,0,0,0,0,0,0,0,59,1259,940,1,1,9,4,0
11,1,1,0,0,0,0,0,1,0,1,0,0,0,0,0,0,0,0,1,0,0,0,0,0,0,73,106,1716,1,1,10,4,1
11,45,1,1,0,0,0,0,0,0,1,0,0,1,0,0,0,0,0,0,0,0,0,0,0,0,109,342,421,1,1,10,4,0
11,3,1,1,0,0,0,0,0,0,1,0,0,0,0,0,0,0,0,0,0,0,0,0,0,0,31,33,34,2,2,6,4,0
11,45,1,1,0,0,0,0,0,0,1,0,0,1,0,0,0,0,0,0,0,0,0,0,0,0,133,199,227,1,1,10,4,0
11,45,1,1,0,0,0,0,0,0,1,0,0,1,0,0,0,0,0,0,0,0,0,0,0,0,80,948,1392,1,1,9,5,0
11,45,1,1,0,0,0,0,0,0,1,0,0,1,0,0,0,0,0,0,0,0,0,0,0,0,8,8,1827,1,1,10,4,0
11,45,1,1,0,0,0,0,0,0,1,0,0,1,0,0,0,0,0,0,0,0,0,0,0,0,40,132,143,1,1,10,4,0
11,45,1,1,0,0,0,0,0,0,1,0,0,1,0,0,0,0,0,0,0,0,0,0,0,0,51,424,545,1,1,9,5,0
11,45,1,1,0,0,0,0,0,0,1,0,0,1,0,0,0,0,0,0,0,0,0,0,0,0,90,479,628,1,1,10,4,0
11,45,1,1,0,0,0,0,0,0,1,0,0,1,0,0,0,0,0,0,0,0,0,0,0,0,6,246,287,2,2,-1,4,0
11,27,1,1,1,0,1,0,1,1,1,1,0,1,0,1,0,1,1,1,1,1,0,0,0,0,15,15,210,1,1,10,5,0
11,45,1,1,0,0,0,0,0,0,1,0,0,1,0,0,0,0,0,0,0,0,0,0,0,0,106,557,745,2,2,6,4,0
11,45,1,1,0,0,0,0,0,0,1,0,0,1,0,0,0,0,0,0,0,0,0,0,0,0,122,624,857,1,1,10,5,0
11,45,1,1,0,0,0,0,0,0,1,0,0,1,0,0,0,0,0,0,0,0,0,0,0,0,40,123,134,1,1,10,5,0
11,45,1,1,0,0,0,0,0,0,1,0,0,1,0,0,0,0,0,0,0,0,0,0,0,0,31,33,34,2,2,5,4,0
11,45,1,1,0,0,0,0,0,0,1,0,0,1,0,0,0,0,0,0,0,0,0,0,0,0,2,2,2,2,2,4,5,0
11,45,1,1,0,0,0,0,0,0,1,0,0,1,0,0,0,0,0,0,0,0,0,0,0,0,9,303,365,2,2,6,4,0
11,27,1,1,1,0,1,0,1,1,1,1,0,1,0,1,0,1,1,1,1,1,0,0,0,0,139,450,587,1,1,10,5,0
11,45,1,1,0,0,0,0,0,0,1,0,0,1,0,0,0,0,0,0,0,0,0,0,0,0,111,155,483,1,1,9,5,0
11,2,1,0,0,0,0,0,1,1,0,1,0,0,0,0,0,0,0,0,0,0,0,0,0,0,86,112,1100,1,1,9,4,0
11,45,1,1,0,0,0,0,0,0,1,0,0,1,0,0,0,0,0,0,0,0,0,0,0,0,15,15,871,1,1,9,5,0
11,45,1,1,0,0,0,0,0,0,1,0,0,1,0,0,0,0,0,0,0,0,0,0,0,0,147,627,863,1,1,10,4,0
11,45,1,1,0,0,0,0,0,0,1,0,0,1,0,0,0,0,0,0,0,0,0,0,0,0,17,634,875,1,1,10,4,0
11,27,1,1,1,0,1,0,1,1,1,1,0,1,0,1,0,1,1,1,1,1,0,0,0,0,40,82,89,1,1,10,5,0
11,45,1,1,0,0,0,0,0,0,1,0,0,1,0,0,0,0,0,0,0,0,0,0,0,0,147,1309,1842,1,1,10,5,0
11,45,1,1,0,0,0,0,0,0,1,0,0,1,0,0,0,0,0,0,0,0,0,0,0,0,61,540,720,1,1,9,5,0
11,45,1,1,0,0,0,0,0,0,1,0,0,1,0,0,0,0,0,0,0,0,0,0,0,0,24,24,25,2,2,-1,4,0
11,2,1,0,0,0,0,0,1,1,0,1,0,0,0,0,0,0,0,0,0,0,0,0,0,0,18,110,120,1,1,10,4,0
11,45,1,1,0,0,0,0,0,0,1,0,0,1,0,0,0,0,0,0,0,0,0,0,0,0,75,487,640,2,2,-1,4,0
11,45,1,1,0,0,0,0,0,0,1,0,0,1,0,0,0,0,0,0,0,0,0,0,0,0,127,188,215,2,2,-1,4,0
11,1,1,0,0,0,0,0,1,0,1,0,0,0,0,0,0,0,0,1,0,0,0,0,0,0,164,643,887,1,1,10,4,1
11,45,1,1,0,0,0,0,0,0,1,0,0,1,0,0,0,0,0,0,0,0,0,0,0,0,34,48,51,1,1,7,4,0
11,45,1,1,0,0,0,0,0,0,1,0,0,1,0,0,0,0,0,0,0,0,0,0,0,0,70,164,184,1,1,10,5,0
11,45,1,1,0,0,0,0,0,0,1,0,0,1,0,0,0,0,0,0,0,0,0,0,0,0,49,59,64,1,1,8,5,0
11,27,1,1,1,0,1,0,1,1,1,1,0,1,0,1,0,1,1,1,1,1,0,0,0,0,173,331,408,1,1,9,5,0
11,45,1,1,0,0,0,0,0,0,1,0,0,1,0,0,0,0,0,0,0,0,0,0,0,0,110,239,328,2,2,5,4,0
11,3,1,1,0,0,0,0,0,0,1,0,0,0,0,0,0,0,0,0,0,0,0,0,0,0,136,202,230,2,2,-1,4,0
11,45,1,1,0,0,0,0,0,0,1,0,0,1,0,0,0,0,0,0,0,0,0,0,0,0,35,37,1332,1,1,10,4,0
11,6,1,1,0,0,0,0,0,0,0,0,0,1,0,0,0,0,0,0,0,0,0,0,0,0,40,243,548,1,1,10,5,0
11,18,0,1,0,0,0,0,0,1,0,0,0,0,0,0,0,0,0,0,0,0,0,0,0,0,98,196,257,1,1,7,5,0
11,27,1,1,1,0,1,0,1,1,1,1,0,1,0,1,0,1,1,1,1,1,0,0,0,0,26,27,28,2,2,6,5,0
11,45,1,1,0,0,0,0,0,0,1,0,0,1,0,0,0,0,0,0,0,0,0,0,0,0,85,223,868,1,1,7,4,0
11,45,1,1,0,0,0,0,0,0,1,0,0,1,0,0,0,0,0,0,0,0,0,0,0,0,13,13,13,2,2,-1,4,0
11,27,1,1,1,0,1,0,1,1,1,1,0,1,0,1,0,1,1,1,1,1,0,0,0,0,11,11,733,1,1,9,5,0
11,6,1,1,0,0,0,0,0,0,0,0,0,1,0,0,0,0,0,0,0,0,0,0,0,0,105,143,158,1,1,9,4,1
11,45,1,1,0,0,0,0,0,0,1,0,0,1,0,0,0,0,0,0,0,0,0,0,0,0,100,306,368,1,1,9,5,0
11,45,1,1,0,0,0,0,0,0,1,0,0,1,0,0,0,0,0,0,0,0,0,0,0,0,122,434,555,1,1,10,4,0
11,27,1,1,1,0,1,0,1,1,1,1,0,1,0,1,0,1,1,1,1,1,0,0,0,0,169,323,396,2,2,5,5,0
11,45,1,1,0,0,0,0,0,0,1,0,0,1,0,0,0,0,0,0,0,0,0,0,0,0,98,281,335,1,1,9,5,0
11,45,1,1,0,0,0,0,0,0,1,0,0,1,0,0,0,0,0,0,0,0,0,0,0,0,161,283,334,1,1,10,5,0
11,45,1,1,0,0,0,0,0,0,1,0,0,1,0,0,0,0,0,0,0,0,0,0,0,0,46,55,59,1,1,10,4,1
11,45,1,1,0,0,0,0,0,0,1,0,0,1,0,0,0,0,0,0,0,0,0,0,0,0,29,891,1292,2,2,6,4,0
14,2,1,0,0,0,0,0,1,1,0,1,0,0,0,0,0,0,0,0,0,0,0,0,0,0,31,33,1110,2,2,-1,4,0
14,3,1,1,0,0,0,0,0,0,1,0,0,0,0,0,0,0,0,0,0,0,0,0,0,0,33,47,50,2,2,6,4,0
14,3,1,1,0,0,0,0,0,0,1,0,0,0,0,0,0,0,0,0,0,0,0,0,0,0,8,8,20,2,2,5,5,0
14,3,1,1,0,0,0,0,0,0,1,0,0,0,0,0,0,0,0,0,0,0,0,0,0,0,39,42,152,2,2,5,5,0
14,27,1,1,1,0,1,0,1,1,1,1,0,1,0,1,0,1,1,1,1,1,0,0,0,0,105,143,158,1,1,10,5,0
14,14,1,0,0,0,0,0,0,0,0,0,0,0,0,0,0,0,0,0,0,0,0,0,0,0,78,623,852,1,1,10,4,0
14,3,1,1,0,0,0,0,0,0,1,0,0,0,0,0,0,0,0,0,0,0,0,0,0,0,6,946,1388,2,2,4,4,0
14,1,1,0,0,0,0,0,1,0,1,0,0,0,0,0,0,0,0,1,0,0,0,0,0,0,185,1009,1492,1,1,10,5,0
14,2,1,0,0,0,0,0,1,1,0,1,0,0,0,0,0,0,0,0,0,0,0,0,0,0,148,226,1312,1,1,10,4,1
14,2,1,0,0,0,0,0,1,1,0,1,0,0,0,0,0,0,0,0,0,0,0,0,0,0,104,707,1803,1,1,10,4,0
14,101,1,1,0,0,0,0,0,0,0,0,0,0,0,0,0,0,1,0,0,0,0,0,0,0,82,262,312,1,1,9,4,0
14,4,1,1,0,0,0,0,0,0,1,0,0,0,0,0,0,0,0,0,0,0,0,0,0,0,119,209,240,1,1,10,4,0
14,27,1,1,1,0,1,0,1,1,1,1,0,1,0,1,0,1,1,1,1,1,0,0,0,0,133,259,309,1,1,9,5,0
14,27,1,1,1,0,1,0,1,1,1,1,0,1,0,1,0,1,1,1,1,1,0,0,0,0,51,304,366,1,1,10,5,0
14,6,1,1,0,0,0,0,0,0,0,0,0,1,0,0,0,0,0,0,0,0,0,0,0,0,32,297,444,1,1,10,4,0
14,16,1,1,0,0,0,0,1,0,1,1,0,0,0,0,0,0,0,0,0,0,0,0,0,0,18,78,85,2,2,5,5,0
14,7,1,1,0,0,0,0,0,0,0,0,0,1,0,0,0,0,0,0,0,0,0,0,0,0,144,219,254,2,2,-1,4,0
14,3,1,1,0,0,0,0,0,0,1,0,0,0,0,0,0,0,0,0,0,0,0,0,0,0,60,625,858,1,1,10,4,0
14,101,1,1,0,0,0,0,0,0,0,0,0,0,0,0,0,0,1,0,0,0,0,0,0,0,150,234,398,1,1,10,4,0
14,6,1,1,0,0,0,0,0,0,0,0,0,1,0,0,0,0,0,0,0,0,0,0,0,0,13,13,13,2,2,-1,4,0
14,6,1,1,0,0,0,0,0,0,0,0,0,1,0,0,0,0,0,0,0,0,0,0,0,0,79,102,112,1,1,10,4,0
14,27,1,1,1,0,1,0,1,1,1,1,0,1,0,1,0,1,1,1,1,1,0,0,0,0,15,15,15,1,1,10,5,0
14,27,1,1,1,0,1,0,1,1,1,1,0,1,0,1,0,1,1,1,1,1,0,0,0,0,18,315,385,1,1,10,5,0
14,14,1,0,0,0,0,0,0,0,0,0,0,0,0,0,0,0,0,0,0,0,0,0,0,0,-1,-1,-1,2,2,-1,4,0
14,6,1,1,0,0,0,0,0,0,0,0,0,1,0,0,0,0,0,0,0,0,0,0,0,0,55,65,70,1,1,10,4,0
14,3,1,1,0,0,0,0,0,0,1,0,0,0,0,0,0,0,0,0,0,0,0,0,0,0,90,605,823,1,1,10,4,0
14,3,1,1,0,0,0,0,0,0,1,0,0,0,0,0,0,0,0,0,0,0,0,0,0,0,85,223,262,2,2,5,4,0
14,18,0,1,0,0,0,0,0,1,0,0,0,0,0,0,0,0,0,0,0,0,0,0,0,0,23,46,49,1,1,10,4,0
14,3,1,1,0,0,0,0,0,0,1,0,0,0,0,0,0,0,0,0,0,0,0,0,0,0,7,7,7,2,2,5,4,0
14,2,1,0,0,0,0,0,1,1,0,1,0,0,0,0,0,0,0,0,0,0,0,0,0,0,65,83,556,1,1,10,4,0
14,27,1,1,1,0,1,0,1,1,1,1,0,1,0,1,0,1,1,1,1,1,0,0,0,0,59,299,357,2,2,4,5,0
14,3,1,1,0,0,0,0,0,0,1,0,0,0,0,0,0,0,0,0,0,0,0,0,0,0,164,354,435,1,1,10,4,0
14,3,1,1,0,0,0,0,0,0,1,0,0,0,0,0,0,0,0,0,0,0,0,0,0,0,74,268,318,2,2,5,4,0
14,3,1,1,0,0,0,0,0,0,1,0,0,0,0,0,0,0,0,0,0,0,0,0,0,0,112,172,193,1,1,10,4,0
14,1,1,0,0,0,0,0,1,0,1,0,0,0,0,0,0,0,0,1,0,0,0,0,0,0,173,331,408,1,1,9,4,0
14,6,1,1,0,0,0,0,0,0,0,0,0,1,0,0,0,0,0,0,0,0,0,0,0,0,60,579,778,1,1,10,4,0
14,101,1,1,0,0,0,0,0,0,0,0,0,0,0,0,0,0,1,0,0,0,0,0,0,0,172,805,1171,1,1,10,4,1
14,101,1,1,0,0,0,0,0,0,0,0,0,0,0,0,0,0,1,0,0,0,0,0,0,0,36,39,87,1,1,10,4,0
14,3,1,1,0,0,0,0,0,0,1,0,0,0,0,0,0,0,0,0,0,0,0,0,0,0,6,214,897,2,2,6,5,0
14,1,1,0,0,0,0,0,1,0,1,0,0,0,0,0,0,0,0,1,0,0,0,0,0,0,97,127,138,1,1,10,4,0
14,8,1,1,0,0,0,0,0,0,1,0,0,0,0,0,0,0,0,0,0,0,0,0,0,0,47,58,63,1,1,9,5,0
14,6,1,1,0,0,0,0,0,0,0,0,0,1,0,0,0,0,0,0,0,0,0,0,0,0,203,595,2250,1,1,10,4,0
14,101,1,1,0,0,0,0,0,0,0,0,0,0,0,0,0,0,1,0,0,0,0,0,0,0,167,298,356,1,1,10,4,0
14,3,1,1,0,0,0,0,0,0,1,0,0,0,0,0,0,0,0,0,0,0,0,0,0,0,65,83,91,2,2,5,5,0
14,101,1,1,0,0,0,0,0,0,0,0,0,0,0,0,0,0,1,0,0,0,0,0,0,0,18,1040,1859,1,1,10,4,0
14,18,0,1,0,0,0,0,0,1,0,0,0,0,0,0,0,0,0,0,0,0,0,0,0,0,7,7,7,1,1,9,5,0
14,6,1,1,0,0,0,0,0,0,0,0,0,1,0,0,0,0,0,0,0,0,0,0,0,0,145,1176,1702,1,1,10,4,0
14,18,0,1,0,0,0,0,0,1,0,0,0,0,0,0,0,0,0,0,0,0,0,0,0,0,137,743,1060,1,1,10,4,0
14,3,1,1,0,0,0,0,0,0,1,0,0,0,0,0,0,0,0,0,0,0,0,0,0,0,8,8,1611,2,2,6,4,0
14,17,1,1,0,0,0,0,0,0,1,0,0,0,0,0,0,0,0,0,0,0,0,0,0,0,54,64,69,1,1,10,4,0
14,27,1,1,1,0,1,0,1,1,1,1,0,1,0,1,0,1,1,1,1,1,0,0,0,0,8,8,20,2,2,6,5,0
14,15,1,1,0,0,0,0,1,0,1,0,0,0,0,0,0,0,1,0,0,0,0,0,0,0,-1,-1,-1,1,1,10,4,0
14,101,1,1,0,0,0,0,0,0,0,0,0,0,0,0,0,0,1,0,0,0,0,0,0,0,34,117,1045,1,1,10,4,0
14,1,1,0,0,0,0,0,1,0,1,0,0,0,0,0,0,0,0,1,0,0,0,0,0,0,13,13,13,2,2,-1,4,0
14,27,1,1,1,0,1,0,1,1,1,1,0,1,0,1,0,1,1,1,1,1,0,0,0,0,100,390,496,1,1,10,5,0
14,19,1,1,0,0,0,0,0,0,1,0,0,0,0,0,0,0,0,0,0,0,0,0,0,0,174,746,1067,1,1,10,4,0
14,2,1,0,0,0,0,0,1,1,0,1,0,0,0,0,0,0,0,0,0,0,0,0,0,0,11,11,733,1,1,10,4,0
16,3,1,1,0,0,0,0,0,0,1,0,0,0,0,0,0,0,0,0,0,0,0,0,0,0,6,460,601,2,2,5,4,0
16,16,1,1,0,0,0,0,1,0,1,1,0,0,0,0,0,0,0,0,0,0,0,0,0,0,33,302,1510,1,1,10,5,0
16,3,1,1,0,0,0,0,0,0,1,0,0,0,0,0,0,0,0,0,0,0,0,0,0,0,192,742,1057,2,2,6,4,0
16,101,1,1,0,0,0,0,0,0,0,0,0,0,0,0,0,0,1,0,0,0,0,0,0,0,181,398,507,1,1,10,4,0
16,101,1,1,0,0,0,0,0,0,0,0,0,0,0,0,0,0,1,0,0,0,0,0,0,0,39,42,45,1,1,9,4,0
16,101,1,1,0,0,0,0,0,0,0,0,0,0,0,0,0,0,1,0,0,0,0,0,0,0,8,8,20,1,1,9,4,0
16,101,1,1,0,0,0,0,0,0,0,0,0,0,0,0,0,0,1,0,0,0,0,0,0,0,50,60,65,1,1,10,4,0
16,6,1,1,0,0,0,0,0,0,0,0,0,1,0,0,0,0,0,0,0,0,0,0,0,0,14,519,687,1,1,10,4,0
16,101,1,1,0,0,0,0,0,0,0,0,0,0,0,0,0,0,1,0,0,0,0,0,0,0,91,778,1120,1,1,10,4,0
16,101,1,1,0,0,0,0,0,0,0,0,0,0,0,0,0,0,1,0,0,0,0,0,0,0,40,243,654,1,1,10,4,0
16,3,1,1,0,0,0,0,0,0,1,0,0,0,0,0,0,0,0,0,0,0,0,0,0,0,184,671,941,2,2,5,4,0
16,3,1,1,0,0,0,0,0,0,1,0,0,0,0,0,0,0,0,0,0,0,0,0,0,0,101,136,147,2,2,5,5,0
16,101,1,1,0,0,0,0,0,0,0,0,0,0,0,0,0,0,1,0,0,0,0,0,0,0,139,450,587,1,1,10,4,0
16,3,1,1,0,0,0,0,0,0,1,0,0,0,0,0,0,0,0,0,0,0,0,0,0,0,179,744,1235,1,1,10,4,0
16,21,1,1,0,0,0,0,0,1,1,0,0,1,0,0,0,0,1,0,0,0,0,0,0,0,42,185,1432,2,2,6,4,0
16,1,1,0,0,0,0,0,1,0,1,0,0,0,0,0,0,0,0,1,0,0,0,0,0,0,32,1206,1739,1,1,10,4,0
16,27,1,1,1,0,1,0,1,1,1,1,0,1,0,1,0,1,1,1,1,1,0,0,0,0,51,1316,66,1,1,10,5,0
16,3,1,1,0,0,0,0,0,0,1,0,0,0,0,0,0,0,0,0,0,0,0,0,0,0,39,42,632,2,2,5,4,0
16,6,1,1,0,0,0,0,0,0,0,0,0,1,0,0,0,0,0,0,0,0,0,0,0,0,6,6,6,1,1,10,5,0
16,2,1,0,0,0,0,0,1,1,0,1,0,0,0,0,0,0,0,0,0,0,0,0,0,0,34,48,51,1,1,9,4,0
16,3,1,1,0,0,0,0,0,0,1,0,0,0,0,0,0,0,0,0,0,0,0,0,0,0,180,394,500,2,2,-1,4,0
16,7,1,1,0,0,0,0,0,0,0,0,0,1,0,0,0,0,0,0,0,0,0,0,0,0,76,322,395,1,1,10,4,0
16,101,1,1,0,0,0,0,0,0,0,0,0,0,0,0,0,0,1,0,0,0,0,0,0,0,94,124,353,1,1,10,4,0
16,101,1,1,0,0,0,0,0,0,0,0,0,0,0,0,0,0,1,0,0,0,0,0,0,0,50,851,1229,1,1,10,4,0
16,101,1,1,0,0,0,0,0,0,0,0,0,0,0,0,0,0,1,0,0,0,0,0,0,0,18,38,325,1,1,10,4,0
16,27,1,1,1,0,1,0,1,1,1,1,0,1,0,1,0,1,1,1,1,1,0,0,0,0,46,55,59,1,1,8,5,0
16,14,1,0,0,0,0,0,0,0,0,0,0,0,0,0,0,0,0,0,0,0,0,0,0,0,-1,-1,-1,2,2,-1,4,0
16,101,1,1,0,0,0,0,0,0,0,0,0,0,0,0,0,0,1,0,0,0,0,0,0,0,93,122,414,1,1,10,4,0
16,16,1,1,0,0,0,0,1,0,1,1,0,0,0,0,0,0,0,0,0,0,0,0,0,0,3,1059,1557,1,1,6,5,0
16,101,1,1,0,0,0,0,0,0,0,0,0,0,0,0,0,0,1,0,0,0,0,0,0,0,53,63,68,1,1,10,4,0
16,101,1,1,0,0,0,0,0,0,0,0,0,0,0,0,0,0,1,0,0,0,0,0,0,0,18,883,1279,1,1,10,4,0
16,101,1,1,0,0,0,0,0,0,0,0,0,0,0,0,0,0,1,0,0,0,0,0,0,0,45,54,58,1,1,10,4,0
16,101,1,1,0,0,0,0,0,0,0,0,0,0,0,0,0,0,1,0,0,0,0,0,0,0,147,321,394,1,1,10,4,0
16,101,1,1,0,0,0,0,0,0,0,0,0,0,0,0,0,0,1,0,0,0,0,0,0,0,105,143,158,1,1,10,4,0
16,3,1,1,0,0,0,0,0,0,1,0,0,0,0,0,0,0,0,0,0,0,0,0,0,0,32,193,221,2,2,6,4,0
16,101,1,1,0,0,0,0,0,0,0,0,0,0,0,0,0,0,1,0,0,0,0,0,0,0,18,110,120,1,1,10,4,0
16,101,1,1,0,0,0,0,0,0,0,0,0,0,0,0,0,0,1,0,0,0,0,0,0,0,147,321,394,1,1,9,4,0
16,3,1,1,0,0,0,0,0,0,1,0,0,0,0,0,0,0,0,0,0,0,0,0,0,0,75,347,427,1,1,9,4,0
16,101,1,1,0,0,0,0,0,0,0,0,0,0,0,0,0,0,1,0,0,0,0,0,0,0,94,124,135,1,1,10,4,0
16,101,1,1,0,0,0,0,0,0,0,0,0,0,0,0,0,0,1,0,0,0,0,0,0,0,96,841,453,1,1,10,4,0
16,101,1,1,0,0,0,0,0,0,0,0,0,0,0,0,0,0,1,0,0,0,0,0,0,0,23,46,1026,1,1,10,4,0
16,1,1,0,0,0,0,0,1,0,1,0,0,0,0,0,0,0,0,1,0,0,0,0,0,0,55,365,457,1,1,9,4,0
16,2,1,0,0,0,0,0,1,1,0,1,0,0,0,0,0,0,0,0,0,0,0,0,0,0,82,560,749,1,1,10,4,0
16,101,1,1,0,0,0,0,0,0,0,0,0,0,0,0,0,0,1,0,0,0,0,0,0,0,59,73,79,1,1,10,4,1
16,101,1,1,0,0,0,0,0,0,0,0,0,0,0,0,0,0,1,0,0,0,0,0,0,0,16,16,1533,1,1,10,4,0
16,101,1,1,0,0,0,0,0,0,0,0,0,0,0,0,0,0,1,0,0,0,0,0,0,0,99,310,374,1,1,10,4,1
16,8,1,1,0,0,0,0,0,0,1,0,0,0,0,0,0,0,0,0,0,0,0,0,0,0,32,829,1227,2,2,6,5,1
16,21,1,1,1,0,1,0,0,0,1,0,0,1,0,0,0,0,0,0,0,0,0,0,0,0,-1,-1,-1,1,1,9,4,0
16,101,1,1,0,0,0,0,0,0,0,0,0,0,0,0,0,0,1,0,0,0,0,0,0,0,14,256,445,1,1,9,4,0
16,1,1,0,0,0,0,0,1,0,1,0,0,0,0,0,0,0,0,1,0,0,0,0,0,0,117,325,1847,1,1,10,4,0
16,1,1,0,0,0,0,0,1,0,1,0,0,0,0,0,0,0,0,1,0,0,0,0,0,0,57,114,896,1,1,10,4,0
16,101,1,1,0,0,0,0,0,0,0,0,0,0,0,0,0,0,1,0,0,0,0,0,0,0,110,493,649,1,1,10,4,0
16,101,1,1,0,0,0,0,0,0,0,0,0,0,0,0,0,0,1,0,0,0,0,0,0,0,6,324,400,1,1,10,4,1
16,6,1,1,0,0,0,0,0,0,0,0,0,1,0,0,0,0,0,0,0,0,0,0,0,0,3,528,700,1,1,8,4,0
16,101,1,1,0,0,0,0,0,0,0,0,0,0,0,0,0,0,1,0,0,0,0,0,0,0,151,235,679,1,1,10,4,0
16,13,1,1,0,0,0,0,0,0,1,0,0,0,0,0,0,0,0,0,1,1,0,0,0,0,20,20,21,1,1,9,4,0
16,101,1,1,0,0,0,0,0,0,0,0,0,0,0,0,0,0,1,0,0,0,0,0,0,0,123,177,198,1,1,10,4,0
16,101,1,1,0,0,0,0,0,0,0,0,0,0,0,0,0,0,1,0,0,0,0,0,0,0,4,1013,1498,1,1,10,4,0
16,2,1,0,0,0,0,0,1,1,0,1,0,0,0,0,0,0,0,0,0,0,0,0,0,0,29,387,492,1,1,10,4,0
16,3,1,1,0,0,0,0,0,0,1,0,0,0,0,0,0,0,0,0,0,0,0,0,0,0,132,285,338,2,2,6,5,0
16,27,1,1,1,0,1,0,1,1,1,1,0,1,0,1,0,1,1,1,1,1,0,0,0,0,33,35,36,1,1,10,5,0
16,3,1,1,0,0,0,0,0,0,1,0,0,0,0,0,0,0,0,0,0,0,0,0,0,0,36,498,657,1,1,10,4,0
16,2,1,0,0,0,0,0,1,1,0,1,0,0,0,0,0,0,0,0,0,0,0,0,0,0,160,328,405,1,1,10,4,0
16,101,1,1,0,0,0,0,0,0,0,0,0,0,0,0,0,0,1,0,0,0,0,0,0,0,135,201,241,1,1,9,4,0
16,101,1,1,0,0,0,0,0,0,0,0,0,0,0,0,0,0,1,0,0,0,0,0,0,0,145,356,439,1,1,10,4,0
16,27,1,1,1,0,1,0,1,1,1,1,0,1,0,1,0,1,1,1,1,1,0,0,0,0,117,325,513,1,1,10,5,0
16,101,1,1,0,0,0,0,0,0,0,0,0,0,0,0,0,0,1,0,0,0,0,0,0,0,58,72,1015,1,1,10,4,0
16,101,1,1,0,0,0,0,0,0,0,0,0,0,0,0,0,0,1,0,0,0,0,0,0,0,18,315,385,1,1,10,4,0
16,101,1,1,0,0,0,0,0,0,0,0,0,0,0,0,0,0,1,0,0,0,0,0,0,0,35,736,1041,1,1,10,4,0
16,101,1,1,0,0,0,0,0,0,0,0,0,0,0,0,0,0,1,0,0,0,0,0,0,0,50,139,150,1,1,10,4,0
16,101,1,1,0,0,0,0,0,0,0,0,0,0,0,0,0,0,1,0,0,0,0,0,0,0,38,41,44,1,1,10,4,0
16,27,1,1,1,0,1,0,1,1,1,1,0,1,0,1,0,1,1,1,1,1,0,0,0,0,52,62,67,1,1,10,5,0
16,101,1,1,0,0,0,0,0,0,0,0,0,0,0,0,0,0,1,0,0,0,0,0,0,0,23,23,209,1,1,10,4,1
16,3,1,1,0,0,0,0,0,0,1,0,0,0,0,0,0,0,0,0,0,0,0,0,0,0,63,77,1137,2,2,6,5,0
16,3,1,1,0,0,0,0,0,0,1,0,0,0,0,0,0,0,0,0,0,0,0,0,0,0,38,41,582,1,1,10,4,0
16,101,1,1,0,0,0,0,0,0,0,0,0,0,0,0,0,0,1,0,0,0,0,0,0,0,36,39,1421,1,1,10,4,0
16,101,1,1,0,0,0,0,0,0,0,0,0,0,0,0,0,0,1,0,0,0,0,0,0,0,2,2,540,1,1,10,4,0
16,13,1,1,0,0,0,0,0,0,1,0,0,0,0,0,0,0,0,0,1,1,0,0,0,0,154,253,299,1,1,9,5,0
16,3,1,1,0,0,0,0,0,0,1,0,0,0,0,0,0,0,0,0,0,0,0,0,0,0,6,529,701,2,2,5,4,0
16,27,1,1,1,0,1,0,1,1,1,1,0,1,0,1,0,1,1,1,1,1,0,0,0,0,74,268,318,1,1,10,5,0
16,3,1,1,0,0,0,0,0,0,1,0,0,0,0,0,0,0,0,0,0,0,0,0,0,0,33,257,307,2,2,-1,4,1
16,3,1,1,0,0,0,0,0,0,1,0,0,0,0,0,0,0,0,0,0,0,0,0,0,0,123,177,491,2,2,5,5,0
16,3,1,1,0,0,0,0,0,0,1,0,0,0,0,0,0,0,0,0,0,0,0,0,0,0,187,462,605,2,2,5,5,0
16,2,1,0,0,0,0,0,1,1,0,1,0,0,0,0,0,0,0,0,0,0,0,0,0,0,32,181,487,1,1,10,4,0
16,6,1,1,0,0,0,0,0,0,0,0,0,1,0,0,0,0,0,0,0,0,0,0,0,0,19,936,1369,1,1,10,4,0
16,21,1,1,1,0,1,0,0,0,1,0,0,1,0,0,0,0,0,0,0,0,0,0,0,0,24,24,25,2,2,5,5,0
16,16,1,1,0,0,0,0,1,0,1,1,0,0,0,0,0,0,0,0,0,0,0,0,0,0,76,225,264,2,2,5,4,0
16,6,1,1,0,0,0,0,0,0,0,0,0,1,0,0,0,0,0,0,0,0,0,0,0,0,27,29,30,1,1,10,4,0
15,3,1,1,0,0,0,0,0,0,1,0,0,0,0,0,0,0,0,0,0,0,0,0,0,0,68,649,902,2,2,-1,4,0
15,27,1,1,1,0,1,0,1,1,1,1,0,1,0,1,0,1,1,1,1,1,0,0,0,0,7,7,7,1,1,8,5,0
15,27,1,1,1,0,1,0,1,1,1,1,0,1,0,1,0,1,1,1,1,1,0,0,0,0,-1,-1,-1,1,1,9,5,0
15,27,1,1,1,0,1,0,1,1,1,1,0,1,0,1,0,1,1,1,1,1,0,0,0,0,38,41,44,1,1,9,5,0
15,6,1,1,0,0,0,0,0,0,0,0,0,1,0,0,0,0,0,0,0,0,0,0,0,0,50,851,1229,1,1,10,4,0
15,2,1,0,0,0,0,0,1,1,0,1,0,0,0,0,0,0,0,0,0,0,0,0,0,0,6,654,907,1,1,9,4,0
15,27,1,1,1,0,1,0,1,1,1,1,0,1,0,1,0,1,1,1,1,1,0,0,0,0,-1,-1,-1,1,1,8,5,0
15,3,1,1,0,0,0,0,0,0,1,0,0,0,0,0,0,0,0,0,0,0,0,0,0,0,61,793,1149,2,2,6,4,0
15,27,1,1,1,0,1,0,1,1,1,1,0,1,0,1,0,1,1,1,1,1,0,0,0,0,127,188,215,1,1,10,5,0
15,3,1,1,0,0,0,0,0,0,1,0,0,0,0,0,0,0,0,0,0,0,0,0,0,0,204,1417,1942,2,2,4,4,0
15,27,1,1,1,0,1,0,1,1,1,1,0,1,0,1,0,1,1,1,1,1,0,0,0,0,148,226,441,1,1,10,5,0
15,10,1,1,0,0,0,0,0,0,1,0,0,0,0,0,0,0,0,1,0,0,0,0,0,0,177,938,1372,1,1,10,4,0
15,2,1,0,0,0,0,0,1,1,0,1,0,0,0,0,0,0,0,0,0,0,0,0,0,0,180,394,500,2,2,6,4,0
15,27,1,1,1,0,1,0,1,1,1,1,0,1,0,1,0,1,1,1,1,1,0,0,0,0,31,33,1706,1,1,8,5,0
15,1,1,0,0,0,0,0,1,0,1,0,0,0,0,0,0,0,0,1,0,0,0,0,0,0,6,246,1424,1,1,10,4,0
15,27,1,1,1,0,1,0,1,1,1,1,0,1,0,1,0,1,1,1,1,1,0,0,0,0,31,33,34,1,1,9,5,0
15,101,1,1,0,0,0,0,0,0,0,0,0,0,0,0,0,0,1,0,0,0,0,0,0,0,106,317,648,1,1,10,4,0
15,27,1,1,0,0,0,0,1,1,1,0,0,1,0,0,0,0,0,0,0,0,0,0,0,0,50,60,65,1,1,10,5,0
15,6,1,1,0,0,0,0,0,0,0,0,0,1,0,0,0,0,0,0,0,0,0,0,0,0,71,91,99,1,1,10,4,0
15,1,1,0,0,0,0,0,1,0,1,0,0,0,0,0,0,0,0,1,0,0,0,0,0,0,3,1017,1503,1,1,10,4,0
15,7,1,1,0,0,0,0,0,0,0,0,0,1,0,0,0,0,0,0,0,0,0,0,0,0,184,671,941,1,1,10,4,0
15,101,1,1,0,0,0,0,0,0,0,0,0,0,0,0,0,0,1,0,0,0,0,0,0,0,79,102,112,1,1,10,4,0
15,3,1,1,0,0,0,0,0,0,1,0,0,0,0,0,0,0,0,0,0,0,0,0,0,0,3,70,75,2,2,6,4,0
15,10,1,1,0,0,0,0,0,0,1,0,0,0,0,0,0,0,0,0,0,0,0,0,0,0,131,311,228,1,1,10,5,0
15,5,0,0,0,0,0,0,0,0,0,0,0,0,0,0,0,0,0,0,0,0,0,0,0,1,57,639,882,1,1,10,4,0
15,27,1,1,1,0,1,0,1,1,1,1,0,1,0,1,0,1,1,1,1,1,0,0,0,0,147,321,394,1,1,9,5,0
15,27,1,1,1,0,1,0,1,1,1,1,0,1,0,1,0,1,1,1,1,1,0,0,0,0,137,204,233,1,1,10,5,0
15,21,1,1,0,0,0,0,1,1,1,0,0,1,0,0,0,0,1,0,0,0,0,0,0,0,55,365,457,1,1,10,5,0
15,27,1,1,1,0,1,0,1,1,1,1,0,1,0,1,0,1,1,1,1,1,0,0,0,0,144,1475,744,1,1,10,5,0
15,27,1,1,1,0,1,0,1,1,1,1,0,1,0,1,0,1,1,1,1,1,0,0,0,0,21,21,202,1,1,10,5,0
15,4,1,1,0,0,0,0,0,0,1,0,0,0,0,0,0,0,0,0,0,0,0,0,0,0,13,13,13,1,1,10,4,0
15,101,1,1,0,0,0,0,0,0,0,0,0,0,0,0,0,0,1,0,0,0,0,0,0,0,130,191,218,1,1,10,4,0
15,27,1,1,1,0,1,0,1,1,1,1,0,1,0,1,0,1,1,1,1,1,0,0,0,0,87,115,1210,1,1,10,5,1
15,101,1,1,0,0,0,0,0,0,0,0,0,0,0,0,0,0,1,0,0,0,0,0,0,0,41,507,666,1,1,10,4,0
15,1,1,0,0,0,0,0,1,0,1,0,0,0,0,0,0,0,0,1,0,0,0,0,0,0,10,388,493,1,1,10,4,0
15,6,1,1,0,0,0,0,0,0,0,0,0,1,0,0,0,0,0,0,0,0,0,0,0,0,100,135,146,1,1,10,4,0
15,13,1,1,0,0,0,0,0,0,1,0,0,0,0,0,0,0,0,0,1,1,0,0,0,0,93,122,1342,1,1,10,4,0
15,2,1,0,0,0,0,0,1,1,0,1,0,0,0,0,0,0,0,0,0,0,0,0,0,0,174,746,1067,1,1,10,4,0
15,101,1,1,0,0,0,0,0,0,0,0,0,0,0,0,0,0,1,0,0,0,0,0,0,0,41,90,98,1,1,10,4,0
15,27,1,1,1,0,1,0,1,1,1,1,0,1,0,1,0,1,1,1,1,1,0,0,0,0,6,79,86,1,1,10,5,0
15,101,1,1,0,0,0,0,0,0,0,0,0,0,0,0,0,0,1,0,0,0,0,0,0,0,18,426,564,1,1,10,4,0
15,101,1,1,0,0,0,0,0,0,0,0,0,0,0,0,0,0,1,0,0,0,0,0,0,0,98,451,588,1,1,10,4,0
15,3,1,1,0,0,0,0,0,0,1,0,0,0,0,0,0,0,0,0,0,0,0,0,0,0,70,248,290,1,1,10,4,0
15,101,1,1,0,0,0,0,0,0,0,0,0,0,0,0,0,0,1,0,0,0,0,0,0,0,43,51,55,1,1,10,4,0
15,3,1,1,0,0,0,0,0,0,1,0,0,0,0,0,0,0,0,0,0,0,0,0,0,0,-1,-1,-1,1,1,9,4,1
15,14,1,0,0,0,0,0,0,0,0,0,0,0,0,0,0,0,0,0,0,0,0,0,0,0,34,300,361,1,1,10,4,0
15,101,1,1,0,0,0,0,0,0,0,0,0,0,0,0,0,0,1,0,0,0,0,0,0,0,130,814,1181,1,1,10,4,0
15,101,1,1,0,0,0,0,0,0,0,0,0,0,0,0,0,0,1,0,0,0,0,0,0,0,122,457,596,1,1,10,4,0
15,101,1,1,0,0,0,0,0,0,0,0,0,0,0,0,0,0,1,0,0,0,0,0,0,0,33,35,36,1,1,10,4,0
15,2,1,0,0,0,0,0,1,1,0,1,0,0,0,0,0,0,0,0,0,0,0,0,0,0,2,2,2,1,1,10,4,1
15,101,1,1,0,0,0,0,0,0,0,0,0,0,0,0,0,0,1,0,0,0,0,0,0,0,98,196,257,1,1,10,4,0
15,7,1,1,0,0,0,0,0,0,0,0,0,1,0,0,0,0,0,0,0,0,0,0,0,0,147,779,1121,2,2,-1,4,0
15,21,1,1,0,0,0,0,0,0,0,0,0,1,0,0,0,0,1,0,0,0,0,0,0,0,66,309,371,1,1,10,4,0
15,1,1,0,0,0,0,0,1,0,1,0,0,0,0,0,0,0,0,1,0,0,0,0,0,0,33,47,50,1,1,10,4,0
15,1,1,0,0,0,0,0,1,0,1,0,0,0,0,0,0,0,0,1,0,0,0,0,0,0,98,196,257,1,1,10,5,0
15,3,1,1,0,0,0,0,0,0,1,0,0,0,0,0,0,0,0,0,0,0,0,0,0,0,31,33,34,2,2,5,4,1
15,101,1,1,0,0,0,0,0,0,0,0,0,0,0,0,0,0,1,0,0,0,0,0,0,0,29,366,460,1,1,10,4,0
15,101,1,1,0,0,0,0,0,0,0,0,0,0,0,0,0,0,1,0,0,0,0,0,0,0,40,795,1154,1,1,10,4,0
15,14,1,0,0,0,0,0,0,0,0,0,0,0,0,0,0,0,0,0,0,0,0,0,0,0,65,83,91,1,1,10,4,0
15,6,1,1,0,0,0,0,0,0,0,0,0,1,0,0,0,0,0,0,0,0,0,0,0,0,107,459,926,1,1,10,4,0
15,101,1,1,0,0,0,0,0,0,0,0,0,0,0,0,0,0,1,0,0,0,0,0,0,0,13,13,13,1,1,10,4,1
15,101,1,1,0,0,0,0,0,0,0,0,0,0,0,0,0,0,1,0,0,0,0,0,0,0,104,142,157,1,1,10,4,0
15,101,1,1,0,0,0,0,0,0,0,0,0,0,0,0,0,0,1,0,0,0,0,0,0,0,175,264,668,1,1,10,4,1
15,2,1,0,0,0,0,0,1,1,0,1,0,0,0,0,0,0,0,0,0,0,0,0,0,0,57,114,1297,1,1,10,4,0
15,101,1,1,0,0,0,0,0,0,0,0,0,0,0,0,0,0,1,0,0,0,0,0,0,0,81,105,774,1,1,10,4,0
15,101,1,1,0,0,0,0,0,0,0,0,0,0,0,0,0,0,1,0,0,0,0,0,0,0,103,882,1278,1,1,10,4,0
15,6,1,1,0,0,0,0,0,0,0,0,0,1,0,0,0,0,0,0,0,0,0,0,0,0,117,1959,1436,1,1,10,4,0
15,3,1,1,0,0,0,0,0,0,1,0,0,0,0,0,0,0,0,0,0,0,0,0,0,0,42,185,211,2,2,5,4,0
15,101,1,1,0,0,0,0,0,0,0,0,0,0,0,0,0,0,1,0,0,0,0,0,0,0,56,68,73,1,1,9,4,0
15,101,1,1,0,0,0,0,0,0,0,0,0,0,0,0,0,0,1,0,0,0,0,0,0,0,107,869,1972,1,1,10,4,0
15,101,1,1,0,0,0,0,0,0,0,0,0,0,0,0,0,0,1,0,0,0,0,0,0,0,123,177,830,1,1,10,4,0
15,101,1,1,0,0,0,0,0,0,0,0,0,0,0,0,0,0,1,0,0,0,0,0,0,0,212,821,1812,1,1,10,4,0
15,101,1,1,0,0,0,0,0,0,0,0,0,0,0,0,0,0,1,0,0,0,0,0,0,0,138,205,235,1,1,10,4,1
15,27,1,1,1,0,1,0,1,1,1,1,0,1,0,1,0,1,1,1,1,1,0,0,0,0,161,482,633,1,1,10,5,0
15,3,1,1,0,0,0,0,0,0,1,0,0,0,0,0,0,0,0,0,0,0,0,0,0,0,192,592,802,2,2,-1,4,0
15,101,1,1,0,0,0,0,0,0,0,0,0,0,0,0,0,0,1,0,0,0,0,0,0,0,89,118,128,1,1,10,4,1
15,101,1,1,0,0,0,0,0,0,0,0,0,0,0,0,0,0,1,0,0,0,0,0,0,0,36,39,984,1,1,10,4,0
15,101,1,1,0,0,0,0,0,0,0,0,0,0,0,0,0,0,1,0,0,0,0,0,0,0,16,1961,155,1,1,10,4,0
15,3,1,1,0,0,0,0,0,0,1,0,0,0,0,0,0,0,0,0,0,0,0,0,0,0,91,778,1120,2,2,5,5,0
15,101,1,1,0,0,0,0,0,0,0,0,0,0,0,0,0,0,1,0,0,0,0,0,0,0,109,378,479,1,1,10,4,0
15,3,1,1,0,0,0,0,0,0,1,0,0,0,0,0,0,0,0,0,0,0,0,0,0,0,18,315,385,2,2,4,5,1
15,6,1,1,0,0,0,0,0,0,0,0,0,1,0,0,0,0,0,0,0,0,0,0,0,0,37,40,43,1,1,10,5,0
15,101,1,1,0,0,0,0,0,0,0,0,0,0,0,0,0,0,1,0,0,0,0,0,0,0,131,192,219,1,1,10,4,0
15,101,1,1,0,0,0,0,0,0,0,0,0,0,0,0,0,0,1,0,0,0,0,0,0,0,50,139,150,1,1,10,4,0
15,101,1,1,0,0,0,0,0,0,0,0,0,0,0,0,0,0,1,0,0,0,0,0,0,0,154,253,299,1,1,-1,4,0
15,1,1,0,0,0,0,0,1,0,1,0,0,0,0,0,0,0,0,1,0,0,0,0,0,0,92,802,1166,1,1,10,5,0
15,101,1,1,0,0,0,0,0,0,0,0,0,0,0,0,0,0,1,0,0,0,0,0,0,0,2,2,1403,1,1,10,4,0
15,27,1,1,1,0,1,0,1,1,1,1,0,1,0,1,0,1,1,1,1,1,0,0,0,0,93,122,132,1,1,9,5,0
15,27,1,1,1,0,1,0,1,1,1,1,0,1,0,1,0,1,1,1,1,1,0,0,0,0,32,245,286,1,1,9,5,0
15,13,1,1,0,0,0,0,0,0,1,0,0,0,0,0,0,0,0,0,1,1,0,0,0,0,87,115,1072,1,1,10,4,0
15,101,1,1,0,0,0,0,0,0,0,0,0,0,0,0,0,0,1,0,0,0,0,0,0,0,43,51,1037,1,1,10,4,1
15,101,1,1,0,0,0,0,0,0,0,0,0,0,0,0,0,0,1,0,0,0,0,0,0,0,166,685,960,1,1,10,4,0
17,13,1,1,0,0,0,0,0,0,1,0,0,0,0,0,0,0,0,0,1,1,0,0,0,0,34,117,1045,1,1,9,5,0
17,27,1,1,1,0,1,0,1,1,1,1,0,1,0,1,0,1,1,1,1,1,0,0,0,0,13,13,13,1,1,10,5,0
17,1,1,0,0,0,0,0,1,0,1,0,0,0,0,0,0,0,0,1,0,0,0,0,0,0,128,189,1333,1,1,10,4,0
17,3,1,1,0,0,0,0,0,0,1,0,0,0,0,0,0,0,0,0,0,0,0,0,0,0,7,7,7,2,2,6,4,1
17,6,1,1,0,0,0,0,0,0,0,0,0,1,0,0,0,0,0,0,0,0,0,0,0,0,35,37,60,1,1,10,4,0
17,6,1,1,0,0,0,0,0,0,0,0,0,1,0,0,0,0,0,0,0,0,0,0,0,0,18,426,547,1,1,10,4,0
17,6,1,1,0,0,0,0,0,0,0,0,0,1,0,0,0,0,0,0,0,0,0,0,0,0,74,94,102,1,1,9,4,0
17,101,1,1,0,0,0,0,0,0,0,0,0,0,0,0,0,0,1,0,0,0,0,0,0,0,-1,-1,-1,1,1,10,4,0
17,27,1,1,1,0,1,0,1,1,1,1,0,1,0,1,0,1,1,1,1,1,0,0,0,0,147,417,535,1,1,10,5,0
17,27,1,1,1,0,1,0,1,1,1,1,0,1,0,1,0,1,1,1,1,1,0,0,0,0,104,142,157,1,1,10,5,0
17,27,1,1,1,0,1,0,1,1,1,1,0,1,0,1,0,1,1,1,1,1,0,0,0,0,147,1196,1728,1,1,10,5,0
17,1,1,0,0,0,0,0,1,0,1,0,0,0,0,0,0,0,0,1,0,0,0,0,0,0,122,1195,1727,1,1,10,4,0
17,1,1,0,0,0,0,0,1,0,1,0,0,0,0,0,0,0,0,1,0,0,0,0,0,0,21,21,1307,1,1,10,4,0
17,5,1,0,0,0,0,0,1,0,0,0,0,0,0,0,0,0,1,0,0,0,0,0,0,0,170,57,747,2,2,4,5,1
17,27,1,1,1,0,1,0,1,1,1,1,0,1,0,1,0,1,1,1,1,1,0,0,0,0,148,226,441,1,1,10,5,0
17,3,1,1,0,0,0,0,0,0,1,0,0,0,0,0,0,0,0,0,0,0,0,0,0,0,128,189,827,2,2,6,4,0
17,101,1,1,0,0,0,0,0,0,0,0,0,0,0,0,0,0,1,0,0,0,0,0,0,0,89,118,128,1,1,9,4,0
17,101,1,1,0,0,0,0,0,0,0,0,0,0,0,0,0,0,1,0,0,0,0,0,0,0,152,305,971,1,1,10,4,0
17,101,1,1,0,0,0,0,0,0,0,0,0,0,0,0,0,0,1,0,0,0,0,0,0,0,164,290,344,1,1,10,4,0
17,101,1,1,0,0,0,0,0,0,0,0,0,0,0,0,0,0,1,0,0,0,0,0,0,0,90,1039,1531,1,1,10,4,0
17,2,1,0,0,0,0,0,1,1,0,1,0,0,0,0,0,0,0,0,0,0,0,0,0,0,53,435,558,1,1,10,4,0
17,11,1,0,0,0,0,0,0,0,1,0,0,0,0,0,0,0,0,1,0,0,0,0,0,0,83,108,118,1,1,10,5,1
17,6,1,1,0,0,0,0,0,0,0,0,0,1,0,0,0,0,0,0,0,0,0,0,0,0,74,210,211,1,1,10,4,0
17,101,1,1,0,0,0,0,0,0,0,0,0,0,0,0,0,0,1,0,0,0,0,0,0,0,187,571,1088,1,1,10,4,0
17,2,1,0,0,0,0,0,1,1,0,1,0,0,0,0,0,0,0,0,0,0,0,0,0,0,32,737,1042,1,1,10,4,0
17,2,1,0,0,0,0,0,1,1,0,1,0,0,0,0,0,0,0,0,0,0,0,0,0,0,154,253,451,1,1,10,4,0
17,3,1,1,0,0,0,0,0,0,1,0,0,0,0,0,0,0,0,0,0,0,0,0,0,0,12,673,945,2,2,6,4,0
17,101,1,1,0,0,0,0,0,0,0,0,0,0,0,0,0,0,1,0,0,0,0,0,0,0,102,138,1396,1,1,10,4,0
17,3,1,1,0,0,0,0,0,0,1,0,0,0,0,0,0,0,0,0,0,0,0,0,0,0,11,11,616,2,2,-1,4,0
17,101,1,1,0,0,0,0,0,0,0,0,0,0,0,0,0,0,1,0,0,0,0,0,0,0,33,99,849,1,1,10,4,0
17,101,1,1,0,0,0,0,0,0,0,0,0,0,0,0,0,0,1,0,0,0,0,0,0,0,144,219,254,1,1,10,4,1
17,101,1,1,0,0,0,0,0,0,0,0,0,0,0,0,0,0,1,0,0,0,0,0,0,0,145,1967,439,1,1,10,4,0
17,12,1,1,0,0,0,0,0,0,1,0,0,0,0,0,0,0,0,0,0,0,0,0,0,0,90,1039,1531,1,1,10,4,0
17,101,1,1,0,0,0,0,0,0,0,0,0,0,0,0,0,0,1,0,0,0,0,0,0,0,103,319,391,1,1,9,4,0
17,1,1,0,0,0,0,0,1,0,1,0,0,0,0,0,0,0,0,1,0,0,0,0,0,0,139,254,301,1,1,10,5,0
17,12,1,1,0,0,0,0,0,0,1,0,0,0,0,0,0,0,0,0,0,0,0,0,0,0,173,331,408,1,1,10,4,0
17,101,1,1,0,0,0,0,0,0,0,0,0,0,0,0,0,0,1,0,0,0,0,0,0,0,7,7,425,1,1,10,4,0
17,3,1,1,0,0,0,0,0,0,1,0,0,0,0,0,0,0,0,0,0,0,0,0,0,0,150,234,398,2,2,4,4,0
17,17,1,1,0,0,0,0,0,0,1,0,0,0,0,0,0,0,0,0,0,0,0,0,0,0,102,138,149,1,1,8,5,0
17,101,1,1,0,0,0,0,0,0,0,0,0,0,0,0,0,0,1,0,0,0,0,0,0,0,153,247,288,1,1,10,4,0
17,3,1,1,0,0,0,0,0,0,1,0,0,0,0,0,0,0,0,0,0,0,0,0,0,0,53,63,602,1,1,10,4,0
17,101,1,1,0,0,0,0,0,0,0,0,0,0,0,0,0,0,1,0,0,0,0,0,0,0,52,531,706,1,1,10,4,0
17,101,1,1,0,0,0,0,0,0,0,0,0,0,0,0,0,0,1,0,0,0,0,0,0,0,9,9,9,1,1,10,4,0
17,27,1,1,1,0,1,0,1,1,1,1,0,1,0,1,0,1,1,1,1,1,0,0,0,0,61,735,1040,2,2,4,5,0
17,27,1,1,1,0,1,0,1,1,1,1,0,1,0,1,0,1,1,1,1,1,0,0,0,0,11,11,733,2,2,4,5,0
17,101,1,1,0,0,0,0,0,0,0,0,0,0,0,0,0,0,1,0,0,0,0,0,0,0,31,33,1065,1,1,10,4,0
17,3,1,1,0,0,0,0,0,0,1,0,0,0,0,0,0,0,0,0,0,0,0,0,0,0,130,191,1102,2,2,-1,4,0
17,101,1,1,0,0,0,0,0,0,0,0,0,0,0,0,0,0,1,0,0,0,0,0,0,0,38,41,582,1,1,9,4,0
17,101,1,1,0,0,0,0,0,0,0,0,0,0,0,0,0,0,1,0,0,0,0,0,0,0,36,39,42,1,1,10,4,1
17,4,1,1,0,0,0,0,0,0,1,0,0,0,0,0,0,0,0,0,0,0,0,0,0,0,31,33,34,1,1,10,4,0
17,101,1,1,0,0,0,0,0,0,0,0,0,0,0,0,0,0,1,0,0,0,0,0,0,0,40,1300,1595,1,1,10,4,0
17,101,1,1,0,0,0,0,0,0,0,0,0,0,0,0,0,0,1,0,0,0,0,0,0,0,38,41,295,1,1,10,4,0
17,27,1,1,1,0,1,0,1,1,1,1,0,1,0,1,0,1,1,1,1,1,0,0,0,0,33,47,50,1,1,10,5,0
17,1,1,0,0,0,0,0,1,0,1,0,0,0,0,0,0,0,0,1,0,0,0,0,0,0,3,564,756,1,1,10,4,0
17,27,1,1,1,0,1,0,1,1,1,1,0,1,0,1,0,1,1,1,1,1,0,0,0,0,122,652,905,2,2,4,5,0
17,3,1,1,0,0,0,0,0,0,1,0,0,0,0,0,0,0,0,0,0,0,0,0,0,0,8,8,1374,1,1,10,4,0
17,101,1,1,0,0,0,0,0,0,0,0,0,0,0,0,0,0,1,0,0,0,0,0,0,0,90,119,129,1,1,10,4,1
17,101,1,1,0,0,0,0,0,0,0,0,0,0,0,0,0,0,1,0,0,0,0,0,0,0,36,39,42,1,1,9,4,0
17,2,1,0,0,0,0,0,1,1,0,1,0,0,0,0,0,0,0,0,0,0,0,0,0,0,68,649,902,1,1,9,4,0
17,1,1,0,0,0,0,0,1,0,1,0,0,0,0,0,0,0,0,1,0,0,0,0,0,0,24,24,711,1,1,10,4,0
17,2,1,0,0,0,0,0,1,1,0,1,0,0,0,0,0,0,0,0,0,0,0,0,0,0,138,205,235,1,1,10,5,0
17,101,1,1,0,0,0,0,0,0,0,0,0,0,0,0,0,0,1,0,0,0,0,0,0,0,47,271,321,1,1,10,4,0
17,101,1,1,0,0,0,0,0,0,0,0,0,0,0,0,0,0,1,0,0,0,0,0,0,0,82,560,995,1,1,10,4,0
17,3,1,1,0,0,0,0,0,0,1,0,0,0,0,0,0,0,0,0,0,0,0,0,0,0,38,41,1313,1,1,10,4,0
17,101,1,1,0,0,0,0,0,0,0,0,0,0,0,0,0,0,1,0,0,0,0,0,0,0,32,829,1227,1,1,10,4,0
17,18,0,1,0,0,0,0,0,1,0,0,0,0,0,0,0,0,0,0,0,0,0,0,0,0,51,304,366,1,1,10,4,0
17,3,1,1,0,0,0,0,0,0,1,0,0,0,0,0,0,0,0,0,0,0,0,0,0,0,6,79,86,2,2,5,5,0
17,101,1,1,0,0,0,0,0,0,0,0,0,0,0,0,0,0,1,0,0,0,0,0,0,0,145,449,586,1,1,10,4,1
17,27,1,1,1,0,1,0,1,1,1,1,0,1,0,1,0,1,1,1,1,1,0,0,0,0,139,450,587,1,1,10,5,1
17,2,1,0,0,0,0,0,1,1,0,1,0,0,0,0,0,0,0,0,0,0,0,0,0,0,158,272,322,1,1,10,4,1
17,1,1,0,0,0,0,0,1,0,1,0,0,0,0,0,0,0,0,1,0,0,0,0,0,0,131,575,425,1,1,10,4,0
17,101,1,1,0,0,0,0,0,0,0,0,0,0,0,0,0,0,1,0,0,0,0,0,0,0,179,1189,1084,1,1,10,4,0
17,101,1,1,0,0,0,0,0,0,0,0,0,0,0,0,0,0,1,0,0,0,0,0,0,0,31,33,34,1,1,10,4,1
17,101,1,1,0,0,0,0,0,0,0,0,0,0,0,0,0,0,1,0,0,0,0,0,0,0,134,200,228,1,1,10,4,0
17,27,1,1,1,0,1,0,1,1,1,1,0,1,0,1,0,1,1,1,1,1,0,0,0,0,153,808,1173,1,1,9,5,0
17,101,1,1,0,0,0,0,0,0,0,0,0,0,0,0,0,0,1,0,0,0,0,0,0,0,47,271,321,1,1,9,4,0
17,13,1,1,0,0,0,0,0,0,1,0,0,0,0,0,0,0,0,0,1,1,0,0,0,0,55,65,70,1,1,10,5,0
17,27,1,1,1,0,1,0,1,1,1,1,0,1,0,1,0,1,1,1,1,1,0,0,0,0,158,272,952,1,1,10,5,0
17,101,1,1,0,0,0,0,0,0,0,0,0,0,0,0,0,0,1,0,0,0,0,0,0,0,61,793,1149,1,1,9,4,0
17,14,1,0,0,0,0,0,0,0,0,0,0,0,0,0,0,0,0,0,0,0,0,0,0,0,6,214,897,1,1,10,4,0
17,27,1,1,1,0,1,0,1,1,1,1,0,1,0,1,0,1,1,1,1,1,0,0,0,0,44,52,56,1,1,10,5,0
17,2,1,0,0,0,0,0,1,1,0,1,0,0,0,0,0,0,0,0,0,0,0,0,0,0,31,33,969,1,1,9,4,0
17,13,1,1,0,0,0,0,0,0,1,0,0,0,0,0,0,0,0,0,1,1,0,0,0,0,23,46,49,1,1,10,4,0
17,27,1,1,1,0,1,0,1,1,1,1,0,1,0,1,0,1,1,1,1,1,0,0,0,0,21,21,202,1,1,9,5,0
17,18,0,1,0,0,0,0,0,1,0,0,0,0,0,0,0,0,0,0,0,0,0,0,0,0,23,23,209,1,1,10,4,0
17,6,1,1,0,0,0,0,0,0,0,0,0,1,0,0,0,0,0,0,0,0,0,0,0,0,127,188,2137,1,1,10,4,0
17,1,1,0,0,0,0,0,1,0,1,0,0,0,0,0,0,0,0,1,0,0,0,0,0,0,50,533,1397,1,1,10,4,0
17,13,1,1,0,0,0,0,0,0,1,0,0,0,0,0,0,0,0,0,1,1,0,0,0,0,182,1000,1473,1,1,9,4,0
17,1,1,0,0,0,0,0,1,0,1,0,0,0,0,0,0,0,0,1,0,0,0,0,0,0,181,398,615,1,1,10,4,0
17,1,1,0,0,0,0,0,1,0,1,0,0,0,0,0,0,0,0,1,0,0,0,0,0,0,81,413,528,1,1,10,4,0
17,9,1,1,1,0,0,0,1,1,1,1,0,1,0,0,0,1,1,1,1,1,0,0,0,0,36,39,42,1,1,10,4,0
17,1,1,0,0,0,0,0,1,0,1,0,0,0,0,0,0,0,0,1,0,0,0,0,0,0,56,614,839,1,1,10,4,0
17,2,1,0,0,0,0,0,1,1,0,1,0,0,0,0,0,0,0,0,0,0,0,0,0,0,26,27,28,1,1,10,5,0
17,27,1,1,1,0,1,0,1,1,1,1,0,1,0,1,0,1,1,1,1,1,0,0,0,0,21,21,1111,1,1,10,5,0
17,3,1,1,0,0,0,0,0,0,1,0,0,0,0,0,0,0,0,0,0,0,0,0,0,0,4,66,1567,2,2,-1,4,0
17,6,1,1,0,0,0,0,0,0,0,0,0,1,0,0,0,0,0,0,0,0,0,0,0,0,55,365,457,2,2,5,5,0
17,6,1,1,0,0,0,0,0,0,0,0,0,1,0,0,0,0,0,0,0,0,0,0,0,0,40,725,1295,1,1,9,5,0
17,27,1,1,1,0,1,0,1,1,1,1,0,1,0,1,0,1,1,1,1,1,0,0,0,0,192,742,1057,1,1,9,5,0
17,2,1,0,0,0,0,0,1,1,0,1,0,0,0,0,0,0,0,0,0,0,0,0,0,0,92,1977,2037,1,1,10,5,0
17,27,1,1,1,0,1,0,1,1,1,1,0,1,0,1,0,1,1,1,1,1,0,0,0,0,46,55,870,2,2,6,5,0
17,2,1,0,0,0,0,0,1,1,0,1,0,0,0,0,0,0,0,0,0,0,0,0,0,0,143,217,252,2,2,6,4,0
17,2,1,0,0,0,0,0,1,1,0,1,0,0,0,0,0,0,0,0,0,0,0,0,0,0,177,343,422,1,1,10,4,0
17,27,1,1,1,0,1,0,1,1,1,1,0,1,0,1,0,1,1,1,1,1,0,0,0,0,89,118,1226,1,1,9,5,0
17,27,1,1,1,0,1,0,1,1,1,1,0,1,0,1,0,1,1,1,1,1,0,0,0,0,52,953,1196,1,1,10,5,0
8,50,1,1,0,0,0,0,0,0,0,0,0,0,0,0,0,0,0,0,0,0,0,0,0,0,112,156,175,1,1,10,4,0
8,50,1,1,0,0,0,0,0,0,0,0,0,0,0,0,0,0,0,0,0,0,0,0,0,0,100,390,496,2,2,6,4,0
8,47,1,1,0,0,0,0,0,0,0,0,0,0,0,0,0,0,0,0,0,0,0,0,0,0,138,205,235,1,1,10,4,0
8,91,1,1,0,0,0,0,1,0,1,0,0,1,0,0,0,0,0,0,0,0,0,0,0,0,60,74,80,1,1,10,4,0
8,80,1,1,1,0,1,0,1,1,0,0,0,1,0,0,0,0,1,0,1,1,0,0,0,0,78,439,563,1,1,10,5,0
8,45,1,1,0,0,0,0,0,0,1,0,0,1,0,0,0,0,0,0,0,0,0,0,0,0,69,88,96,1,1,9,4,0
8,5,0,0,0,0,0,0,0,0,0,0,0,0,0,0,0,0,0,0,0,0,0,0,0,1,2,2,2,1,1,10,4,0
8,45,1,1,0,0,0,0,0,0,1,0,0,1,0,0,0,0,0,0,0,0,0,0,0,0,58,72,78,1,1,10,4,0
8,45,1,1,0,0,0,0,0,0,1,0,0,1,0,0,0,0,0,0,0,0,0,0,0,0,131,192,219,2,2,6,4,0
8,45,1,1,0,0,0,0,0,0,1,0,0,1,0,0,0,0,0,0,0,0,0,0,0,0,2,2,2,1,1,7,5,0
8,45,1,1,0,0,0,0,0,0,1,0,0,1,0,0,0,0,0,0,0,0,0,0,0,0,92,121,131,2,2,-1,4,0
8,45,1,1,0,0,0,0,0,0,1,0,0,1,0,0,0,0,0,0,0,0,0,0,0,0,21,21,202,1,1,10,5,0
8,45,1,1,0,0,0,0,0,0,1,0,0,1,0,0,0,0,0,0,0,0,0,0,0,0,13,13,1710,1,1,10,4,0
8,45,1,1,0,0,0,0,0,0,1,0,0,1,0,0,0,0,0,0,0,0,0,0,0,0,58,72,1015,1,1,9,4,0
8,45,1,1,0,0,0,0,0,0,1,0,0,1,0,0,0,0,0,0,0,0,0,0,0,0,34,36,332,1,1,7,5,0
8,45,1,1,0,0,0,0,0,0,1,0,0,1,0,0,0,0,0,0,0,0,0,0,0,0,6,523,693,2,2,4,5,0
8,6,1,1,0,0,0,0,0,0,0,0,0,1,0,0,0,0,0,0,0,0,0,0,0,0,50,139,1768,1,1,10,4,0
8,1,1,0,0,0,0,0,1,0,1,0,0,0,0,0,0,0,0,1,0,0,0,0,0,0,205,988,1454,1,1,10,4,0
8,11,1,0,0,0,0,0,0,0,1,0,0,0,0,0,0,0,0,1,0,0,0,0,0,0,-1,-1,-1,2,2,6,5,0
8,45,1,1,0,0,0,0,0,0,1,0,0,1,0,0,0,0,0,0,0,0,0,0,0,0,103,319,1230,1,1,9,5,0
8,45,1,1,0,0,0,0,0,0,1,0,0,1,0,0,0,0,0,0,0,0,0,0,0,0,109,1660,917,2,2,6,4,0
8,45,1,1,0,0,0,0,0,0,1,0,0,1,0,0,0,0,0,0,0,0,0,0,0,0,116,521,691,2,2,-1,4,0
8,45,1,1,0,0,0,0,0,0,1,0,0,1,0,0,0,0,0,0,0,0,0,0,0,0,112,483,635,2,2,-1,4,0
8,27,1,1,1,0,1,0,1,1,1,1,0,1,0,1,0,1,1,1,1,1,0,0,0,0,4,252,298,1,1,9,5,0
8,45,1,1,0,0,0,0,0,0,1,0,0,1,0,0,0,0,0,0,0,0,0,0,0,0,143,217,252,1,1,9,4,0
8,45,1,1,0,0,0,0,0,0,1,0,0,1,0,0,0,0,0,0,0,0,0,0,0,0,108,691,967,1,1,9,5,0
8,45,1,1,0,0,0,0,0,0,1,0,0,1,0,0,0,0,0,0,0,0,0,0,0,0,138,205,235,1,1,9,5,0
8,45,1,1,0,0,0,0,0,0,1,0,0,1,0,0,0,0,0,0,0,0,0,0,0,0,107,647,1023,1,1,10,5,0
8,6,1,1,0,0,0,0,0,0,0,0,0,1,0,0,0,0,0,0,0,0,0,0,0,0,40,131,142,1,1,10,4,0
8,3,1,1,0,0,0,0,0,0,1,0,0,0,0,0,0,0,0,0,0,0,0,0,0,0,55,65,70,2,2,5,4,0
8,45,1,1,0,0,0,0,0,0,1,0,0,1,0,0,0,0,0,0,0,0,0,0,0,0,13,13,459,2,2,6,4,0
8,45,1,1,0,0,0,0,0,0,1,0,0,1,0,0,0,0,0,0,0,0,0,0,0,0,63,77,84,1,1,10,4,0
8,45,1,1,0,0,0,0,0,0,1,0,0,1,0,0,0,0,0,0,0,0,0,0,0,0,58,72,703,1,1,10,5,0
8,45,1,1,0,0,0,0,0,0,1,0,0,1,0,0,0,0,0,0,0,0,0,0,0,0,151,235,274,1,1,10,5,0
8,45,1,1,0,0,0,0,0,0,1,0,0,1,0,0,0,0,0,0,0,0,0,0,0,0,212,821,1192,1,1,10,5,0
8,45,1,1,0,0,0,0,0,0,1,0,0,1,0,0,0,0,0,0,0,0,0,0,0,0,18,110,120,1,1,10,4,0
8,2,1,0,0,0,0,0,1,1,0,1,0,0,0,0,0,0,0,0,0,0,0,0,0,0,85,278,976,1,1,10,4,0
8,9,1,1,1,0,0,0,1,1,1,1,0,1,0,0,0,1,1,1,1,1,0,0,0,0,94,124,135,2,2,6,4,0
8,45,1,1,0,0,0,0,0,0,1,0,0,1,0,0,0,0,0,0,0,0,0,0,0,0,98,266,316,1,1,7,4,0
8,45,1,1,0,0,0,0,0,0,1,0,0,1,0,0,0,0,0,0,0,0,0,0,0,0,3,236,275,1,1,9,5,0
8,45,1,1,0,0,0,0,0,0,1,0,0,1,0,0,0,0,0,0,0,0,0,0,0,0,98,1020,1508,1,1,10,5,0
8,45,1,1,0,0,0,0,0,0,1,0,0,1,0,0,0,0,0,0,0,0,0,0,0,0,46,55,430,1,1,10,4,0
8,3,1,1,0,0,0,0,0,0,1,0,0,0,0,0,0,0,0,0,0,0,0,0,0,0,82,467,612,2,2,4,4,0
8,3,1,1,0,0,0,0,0,0,1,0,0,0,0,0,0,0,0,0,0,0,0,0,0,0,192,592,802,2,2,-1,4,0
8,1,1,0,0,0,0,0,1,0,1,0,0,0,0,0,0,0,0,1,0,0,0,0,0,0,46,55,59,1,1,10,4,1
8,45,1,1,0,0,0,0,0,0,1,0,0,1,0,0,0,0,0,0,0,0,0,0,0,0,139,206,236,2,2,6,4,0
8,45,1,1,0,0,0,0,0,0,1,0,0,1,0,0,0,0,0,0,0,0,0,0,0,0,106,317,648,2,2,6,4,0
8,45,1,1,0,0,0,0,0,0,1,0,0,1,0,0,0,0,0,0,0,0,0,0,0,0,12,12,82,1,1,10,4,0
8,45,1,1,0,0,0,0,0,0,1,0,0,1,0,0,0,0,0,0,0,0,0,0,0,0,90,119,129,1,1,10,4,0
8,45,1,1,0,0,0,0,0,0,1,0,0,1,0,0,0,0,0,0,0,0,0,0,0,0,18,432,553,1,1,10,4,0
8,45,1,1,0,0,0,0,0,0,1,0,0,1,0,0,0,0,0,0,0,0,0,0,0,0,83,108,118,1,1,10,4,0
8,2,1,0,0,0,0,0,1,1,0,1,0,0,0,0,0,0,0,0,0,0,0,0,0,0,148,226,441,1,1,10,5,0
8,6,1,1,0,0,0,0,0,0,0,0,0,1,0,0,0,0,0,0,0,0,0,0,0,0,2,2,2,1,1,10,4,1
8,3,1,1,0,0,0,0,0,0,1,0,0,0,0,0,0,0,0,0,0,0,0,0,0,0,60,1072,1573,2,2,5,4,0
8,45,1,1,0,0,0,0,0,0,1,0,0,1,0,0,0,0,0,0,0,0,0,0,0,0,50,565,757,1,1,10,5,0
8,45,1,1,0,0,0,0,0,0,1,0,0,1,0,0,0,0,0,0,0,0,0,0,0,0,67,216,250,1,1,9,5,0
8,6,1,1,0,0,0,0,0,0,0,0,0,1,0,0,0,0,0,0,0,0,0,0,0,0,31,33,34,2,2,-1,4,0
8,3,1,1,0,0,0,0,0,0,1,0,0,0,0,0,0,0,0,0,0,0,0,0,0,0,98,485,637,1,1,10,4,0
8,45,1,1,0,0,0,0,0,0,1,0,0,1,0,0,0,0,0,0,0,0,0,0,0,0,32,297,381,1,1,10,4,0
8,45,1,1,0,0,0,0,0,0,1,0,0,1,0,0,0,0,0,0,0,0,0,0,0,0,33,302,481,2,2,5,5,0
8,45,1,1,0,0,0,0,0,0,1,0,0,1,0,0,0,0,0,0,0,0,0,0,0,0,158,272,322,2,2,4,4,0
8,45,1,1,0,0,0,0,0,0,1,0,0,1,0,0,0,0,0,0,0,0,0,0,0,0,92,178,199,1,1,10,4,0
8,45,1,1,0,0,0,0,0,0,1,0,0,1,0,0,0,0,0,0,0,0,0,0,0,0,119,209,240,1,1,10,4,0
8,2,1,0,0,0,0,0,1,1,0,1,0,0,0,0,0,0,0,0,0,0,0,0,0,0,154,253,514,1,1,10,4,0
8,3,1,1,0,0,0,0,0,0,1,0,0,0,0,0,0,0,0,0,0,0,0,0,0,0,49,734,1038,2,2,5,4,0
8,13,1,1,0,0,0,0,0,0,1,0,0,0,0,0,0,0,0,0,1,1,0,0,0,0,80,753,1079,1,1,9,4,0
8,45,1,1,0,0,0,0,0,0,1,0,0,1,0,0,0,0,0,0,0,0,0,0,0,0,23,46,49,1,1,10,4,1
8,45,1,1,0,0,0,0,0,0,1,0,0,1,0,0,0,0,0,0,0,0,0,0,0,0,65,83,1156,1,1,10,5,0
8,6,1,1,0,0,0,0,0,0,0,0,0,1,0,0,0,0,0,0,0,0,0,0,0,0,65,83,994,1,1,10,4,1
8,27,1,1,1,0,1,0,1,1,1,1,0,1,0,1,0,1,1,1,1,1,0,0,0,0,131,1340,1875,1,1,9,5,0
8,45,1,1,0,0,0,0,0,0,1,0,0,1,0,0,0,0,0,0,0,0,0,0,0,0,141,212,245,1,1,10,5,0
8,45,1,1,0,0,0,0,0,0,1,0,0,1,0,0,0,0,0,0,0,0,0,0,0,0,196,820,1191,1,1,10,4,0
8,45,1,1,0,0,0,0,0,0,1,0,0,1,0,0,0,0,0,0,0,0,0,0,0,0,152,751,1077,1,1,10,4,0
8,45,1,1,0,0,0,0,0,0,1,0,0,1,0,0,0,0,0,0,0,0,0,0,0,0,207,632,1433,1,1,6,5,0
8,45,1,1,0,0,0,0,0,0,1,0,0,1,0,0,0,0,0,0,0,0,0,0,0,0,35,37,60,2,2,-1,4,0
8,45,1,1,0,0,0,0,0,0,1,0,0,1,0,0,0,0,0,0,0,0,0,0,0,0,87,115,1072,1,1,10,5,0
8,1,1,0,0,0,0,0,1,0,1,0,0,0,0,0,0,0,0,1,0,0,0,0,0,0,79,102,112,1,1,10,4,1
8,45,1,1,0,0,0,0,0,0,1,0,0,1,0,0,0,0,0,0,0,0,0,0,0,0,18,710,997,1,1,10,4,0
8,45,1,1,0,0,0,0,0,0,1,0,0,1,0,0,0,0,0,0,0,0,0,0,0,0,34,1760,329,1,1,7,5,0
8,45,1,1,0,0,0,0,0,0,1,0,0,1,0,0,0,0,0,0,0,0,0,0,0,0,118,163,183,1,1,10,5,0
8,1,1,0,0,0,0,0,1,0,1,0,0,0,0,0,0,0,0,1,0,0,0,0,0,0,31,33,2159,1,1,10,4,0
8,27,1,1,1,0,1,0,1,1,1,1,0,1,0,1,0,1,1,1,1,1,0,0,0,0,134,455,592,1,1,10,5,0
8,1,1,0,0,0,0,0,1,0,1,0,0,0,0,0,0,0,0,1,0,0,0,0,0,0,114,158,346,2,2,-1,4,0
8,45,1,1,0,0,0,0,0,0,1,0,0,1,0,0,0,0,0,0,0,0,0,0,0,0,94,124,135,2,2,4,4,0
8,45,1,1,0,0,0,0,0,0,1,0,0,1,0,0,0,0,0,0,0,0,0,0,0,0,34,1760,329,1,1,10,5,0
8,45,1,1,0,0,0,0,0,0,1,0,0,1,0,0,0,0,0,0,0,0,0,0,0,0,18,426,564,1,1,8,4,0
8,45,1,1,0,0,0,0,0,0,1,0,0,1,0,0,0,0,0,0,0,0,0,0,0,0,23,23,209,2,2,5,4,0
8,45,1,1,0,0,0,0,0,0,1,0,0,1,0,0,0,0,0,0,0,0,0,0,0,0,50,851,1229,2,2,6,4,0
8,45,1,1,0,0,0,0,0,0,1,0,0,1,0,0,0,0,0,0,0,0,0,0,0,0,1,1,772,2,2,-1,4,0
8,45,1,1,0,0,0,0,0,0,1,0,0,1,0,0,0,0,0,0,0,0,0,0,0,0,117,801,1164,1,1,10,4,0
8,1,1,0,0,0,0,0,1,0,1,0,0,0,0,0,0,0,0,1,0,0,0,0,0,0,-1,-1,-1,1,1,10,4,1
8,27,1,1,1,0,1,0,1,1,1,1,0,1,0,1,0,1,1,1,1,1,0,0,0,0,128,189,216,1,1,10,5,0
8,14,1,0,0,0,0,0,0,0,0,0,0,0,0,0,0,0,0,0,0,0,0,0,0,0,40,131,389,2,2,5,4,0
8,1,1,0,0,0,0,0,1,0,1,0,0,0,0,0,0,0,0,1,0,0,0,0,0,0,29,391,497,1,1,10,4,0
8,3,1,1,0,0,0,0,0,0,1,0,0,0,0,0,0,0,0,0,0,0,0,0,0,0,163,288,341,1,1,10,4,0
8,2,1,0,0,0,0,0,1,1,0,1,0,0,0,0,0,0,0,0,0,0,0,0,0,0,98,266,1658,1,1,10,4,0
8,1,1,0,0,0,0,0,1,0,1,0,0,0,0,0,0,0,0,1,0,0,0,0,0,0,54,64,69,1,1,10,4,1
8,2,1,0,0,0,0,0,1,1,0,1,0,0,0,0,0,0,0,0,0,0,0,0,0,0,-1,-1,-1,1,1,10,4,1
8,27,1,1,1,0,1,0,1,1,1,1,0,1,0,1,0,1,1,1,1,1,0,0,0,0,179,386,490,1,1,9,5,0
8,27,1,1,1,0,1,0,1,1,1,1,0,1,0,1,0,1,1,1,1,1,0,0,0,0,38,41,44,1,1,10,5,0
8,7,1,1,0,0,0,0,0,0,0,0,0,1,0,0,0,0,0,0,0,0,0,0,0,0,110,195,223,1,1,10,4,0
8,45,1,1,0,0,0,0,0,0,1,0,0,1,0,0,0,0,0,0,0,0,0,0,0,0,86,112,695,1,1,10,4,0
8,27,1,1,1,0,1,0,1,1,1,1,0,1,0,1,0,1,1,1,1,1,0,0,0,0,179,376,477,1,1,8,5,0
8,45,1,1,0,0,0,0,0,0,1,0,0,1,0,0,0,0,0,0,0,0,0,0,0,0,153,702,981,1,1,10,5,0
8,45,1,1,0,0,0,0,0,0,1,0,0,1,0,0,0,0,0,0,0,0,0,0,0,0,60,74,80,2,2,5,4,0
8,45,1,1,0,0,0,0,0,0,1,0,0,1,0,0,0,0,0,0,0,0,0,0,0,0,65,83,1353,1,1,10,4,0
8,45,1,1,0,0,0,0,0,0,1,0,0,1,0,0,0,0,0,0,0,0,0,0,0,0,8,8,20,2,2,4,5,0
8,27,1,1,1,0,1,0,1,1,1,1,0,1,0,1,0,1,1,1,1,1,0,0,0,0,66,85,93,1,1,10,5,0
8,45,1,1,0,0,0,0,0,0,1,0,0,1,0,0,0,0,0,0,0,0,0,0,0,0,18,426,547,2,2,5,5,0
8,45,1,1,0,0,0,0,0,0,1,0,0,1,0,0,0,0,0,0,0,0,0,0,0,0,104,142,2017,1,1,10,4,0
8,45,1,1,0,0,0,0,0,0,1,0,0,1,0,0,0,0,0,0,0,0,0,0,0,0,68,146,163,1,1,9,5,0
8,3,1,1,0,0,0,0,0,0,1,0,0,0,0,0,0,0,0,0,0,0,0,0,0,0,154,253,451,1,1,10,4,0
8,6,1,1,0,0,0,0,0,0,0,0,0,1,0,0,0,0,0,0,0,0,0,0,0,0,40,43,103,1,1,10,4,0
8,29,1,1,0,0,0,0,0,0,1,0,0,0,0,0,0,0,0,0,0,0,0,0,0,0,42,185,211,1,1,10,5,0
8,45,1,1,0,0,0,0,0,0,1,0,0,1,0,0,0,0,0,0,0,0,0,0,0,0,106,377,478,1,1,10,4,0
8,45,1,1,0,0,0,0,0,0,1,0,0,1,0,0,0,0,0,0,0,0,0,0,0,0,44,52,1394,1,1,10,4,0
8,45,1,1,0,0,0,0,0,0,1,0,0,1,0,0,0,0,0,0,0,0,0,0,0,0,36,39,42,2,2,6,5,0
8,45,1,1,0,0,0,0,0,0,1,0,0,1,0,0,0,0,0,0,0,0,0,0,0,0,29,355,1233,1,1,10,4,0
8,45,1,1,0,0,0,0,0,0,1,0,0,1,0,0,0,0,0,0,0,0,0,0,0,0,164,643,887,1,1,10,4,0
8,45,1,1,0,0,0,0,0,0,1,0,0,1,0,0,0,0,0,0,0,0,0,0,0,0,107,647,899,2,2,5,4,0
8,6,1,1,0,0,0,0,0,0,0,0,0,1,0,0,0,0,0,0,0,0,0,0,0,0,167,446,580,1,1,10,4,0
8,45,1,1,0,0,0,0,0,0,1,0,0,1,0,0,0,0,0,0,0,0,0,0,0,0,147,1328,1860,1,1,9,5,0
8,45,1,1,0,0,0,0,0,0,1,0,0,1,0,0,0,0,0,0,0,0,0,0,0,0,117,1199,1731,1,1,10,4,0
8,45,1,1,0,0,0,0,0,0,1,0,0,1,0,0,0,0,0,0,0,0,0,0,0,0,32,468,613,2,2,6,4,0
8,6,1,1,0,0,0,0,0,0,0,0,0,1,0,0,0,0,0,0,0,0,0,0,0,0,7,7,7,1,1,9,4,1
8,27,1,1,1,0,1,0,1,1,1,1,0,1,0,1,0,1,1,1,1,1,0,0,0,0,167,446,1552,1,1,10,5,0
8,45,1,1,0,0,0,0,0,0,1,0,0,1,0,0,0,0,0,0,0,0,0,0,0,0,122,797,1157,1,1,9,5,0
8,27,1,1,1,0,1,0,1,1,1,1,0,1,0,1,0,1,1,1,1,1,0,0,0,0,3,370,468,1,1,10,5,0
8,45,1,1,0,0,0,0,0,0,1,0,0,1,0,0,0,0,0,0,0,0,0,0,0,0,115,159,2144,1,1,10,5,0
8,45,1,1,0,0,0,0,0,0,1,0,0,1,0,0,0,0,0,0,0,0,0,0,0,0,89,118,128,2,2,-1,4,0
8,45,1,1,0,0,0,0,0,0,1,0,0,1,0,0,0,0,0,0,0,0,0,0,0,0,68,173,577,2,2,-1,4,0
8,45,1,1,0,0,0,0,0,0,1,0,0,1,0,0,0,0,0,0,0,0,0,0,0,0,44,52,825,1,1,8,5,0
8,45,1,1,0,0,0,0,0,0,1,0,0,1,0,0,0,0,0,0,0,0,0,0,0,0,167,298,356,1,1,9,5,0
8,45,1,1,0,0,0,0,0,0,1,0,0,1,0,0,0,0,0,0,0,0,0,0,0,0,137,442,569,1,1,10,5,0
8,1,1,0,0,0,0,0,1,0,1,0,0,0,0,0,0,0,0,1,0,0,0,0,0,0,46,55,2249,1,1,9,4,0
18,3,1,1,0,0,0,0,0,0,1,0,0,0,0,0,0,0,0,0,0,0,0,0,0,0,31,33,1563,1,1,10,4,0
18,27,1,1,1,0,1,0,1,1,1,1,0,1,0,1,0,1,1,1,1,1,0,0,0,0,170,375,476,1,1,7,5,0
18,3,1,1,0,0,0,0,0,0,1,0,0,0,0,0,0,0,0,0,0,0,0,0,0,0,150,234,398,2,2,6,4,0
18,3,1,1,0,0,0,0,0,0,1,0,0,0,0,0,0,0,0,0,0,0,0,0,0,0,8,8,620,2,2,-1,4,0
18,3,1,1,0,0,0,0,0,0,1,0,0,0,0,0,0,0,0,0,0,0,0,0,0,0,201,637,879,1,1,8,4,0
18,7,1,1,0,0,0,0,0,0,0,0,0,1,0,0,0,0,0,0,0,0,0,0,0,0,103,319,391,1,1,10,4,0
18,1,1,0,0,0,0,0,1,0,1,0,0,0,0,0,0,0,0,1,0,0,0,0,0,0,23,46,49,1,1,10,4,1
18,27,1,1,1,0,1,0,1,1,1,1,0,1,0,1,0,1,1,1,1,1,0,0,0,0,34,36,332,2,2,4,5,0
18,3,1,1,0,0,0,0,0,0,1,0,0,0,0,0,0,0,0,0,0,0,0,0,0,0,46,55,59,2,2,5,4,0
18,27,1,1,1,0,1,0,1,1,1,1,0,1,0,1,0,1,1,1,1,1,0,0,0,0,196,530,1151,1,1,9,5,0
18,20,1,1,0,0,0,0,0,0,1,0,0,1,0,0,0,0,0,0,0,0,0,0,0,0,197,569,1391,2,2,-1,4,0
18,7,1,1,0,0,0,0,0,0,0,0,0,1,0,0,0,0,0,0,0,0,0,0,0,0,38,41,295,1,1,10,4,0
18,3,1,1,0,0,0,0,0,0,1,0,0,0,0,0,0,0,0,0,0,0,0,0,0,0,100,573,769,2,2,-1,5,0
18,27,1,1,1,0,1,0,1,1,1,1,0,1,0,1,0,1,1,1,1,1,0,0,0,0,83,108,118,1,1,10,5,0
18,21,1,1,0,0,0,0,1,1,1,0,0,1,0,0,0,0,1,0,0,0,0,0,0,0,7,7,7,1,1,10,4,0
18,27,1,1,1,0,1,0,1,1,1,1,0,1,0,1,0,1,1,1,1,1,0,0,0,0,32,245,286,1,1,9,5,0
18,1,1,0,0,0,0,0,1,0,1,0,0,0,0,0,0,0,0,1,0,0,0,0,0,0,187,462,605,1,1,10,4,0
18,3,1,1,0,0,0,0,0,0,1,0,0,0,0,0,0,0,0,0,0,0,0,0,0,0,47,56,61,2,2,5,5,0
18,6,1,1,0,0,0,0,0,0,0,0,0,1,0,0,0,0,0,0,0,0,0,0,0,0,136,202,230,1,1,10,4,0
18,27,1,1,1,0,1,0,1,1,1,1,0,1,0,1,0,1,1,1,1,1,0,0,0,0,40,2000,2311,1,1,7,5,0
18,27,1,1,1,0,1,0,1,1,1,1,0,1,0,1,0,1,1,1,1,1,0,0,0,0,119,167,187,1,1,10,5,0
18,27,1,1,1,0,1,0,1,1,1,1,0,1,0,1,0,1,1,1,1,1,0,0,0,0,66,463,608,1,1,10,5,0
18,3,1,1,0,0,0,0,0,0,1,0,0,0,0,0,0,0,0,0,0,0,0,0,0,0,58,72,78,1,1,10,4,0
18,27,1,1,1,0,1,0,1,1,1,1,0,1,0,1,0,1,1,1,1,1,0,0,0,0,207,632,873,1,1,10,5,0
18,27,1,1,1,0,1,0,1,1,1,1,0,1,0,1,0,1,1,1,1,1,0,0,0,0,7,7,7,1,1,10,5,0
18,2,1,0,0,0,0,0,1,1,0,1,0,0,0,0,0,0,0,0,0,0,0,0,0,0,39,42,632,1,1,10,4,0
18,3,1,1,0,0,0,0,0,0,1,0,0,0,0,0,0,0,0,0,0,0,0,0,0,0,31,33,34,2,2,6,4,0
18,27,1,1,1,0,1,0,1,1,1,1,0,1,0,1,0,1,1,1,1,1,0,0,0,0,98,266,316,1,1,9,5,0
18,27,1,1,1,0,1,0,1,1,1,1,0,1,0,1,0,1,1,1,1,1,0,0,0,0,35,37,60,1,1,9,5,0
18,16,1,1,0,0,0,0,1,0,1,1,0,0,0,0,0,0,0,0,0,0,0,0,0,0,73,93,101,1,1,10,4,0
18,2,1,0,0,0,0,0,1,1,0,1,0,0,0,0,0,0,0,0,0,0,0,0,0,0,87,115,125,2,2,-1,4,0
18,3,1,1,0,0,0,0,0,0,1,0,0,0,0,0,0,0,0,0,0,0,0,0,0,0,174,364,456,1,1,10,4,0
18,21,1,1,0,0,0,0,0,0,0,0,0,1,0,0,0,0,1,0,0,0,0,0,0,0,-1,-1,-1,1,1,10,4,0
18,13,1,1,0,0,0,0,0,0,1,0,0,0,0,0,0,0,0,0,1,1,0,0,0,0,12,12,82,1,1,10,4,0
18,27,1,1,1,0,1,0,1,1,1,1,0,1,0,1,0,1,1,1,1,1,0,0,0,0,65,83,91,1,1,8,5,0
18,27,1,1,0,0,0,0,1,1,1,0,0,1,0,0,0,0,0,0,0,0,0,0,0,0,3,528,700,1,1,9,5,0
18,7,1,1,0,0,0,0,0,0,0,0,0,1,0,0,0,0,0,0,0,0,0,0,0,0,36,39,42,1,1,10,4,0
18,45,1,1,0,0,0,0,0,0,1,0,0,1,0,0,0,0,0,0,0,0,0,0,0,0,-1,-1,-1,1,1,10,4,0
18,27,1,1,1,0,1,0,1,1,1,1,0,1,0,1,0,1,1,1,1,1,0,0,0,0,13,13,1710,1,1,10,5,0
18,2,1,0,0,0,0,0,1,1,0,1,0,0,0,0,0,0,0,0,0,0,0,0,0,0,82,262,312,1,1,9,4,0
18,2,1,0,0,0,0,0,1,1,0,1,0,0,0,0,0,0,0,0,0,0,0,0,0,0,109,342,421,1,1,10,4,0
18,27,1,1,1,0,1,0,1,1,1,1,0,1,0,1,0,1,1,1,1,1,0,0,0,0,56,68,73,1,1,10,5,0
18,3,1,1,0,0,0,0,0,0,1,0,0,0,0,0,0,0,0,0,0,0,0,0,0,0,163,288,450,1,1,10,4,0
18,27,1,1,1,0,1,0,1,1,1,1,0,1,0,1,0,1,1,1,1,1,0,0,0,0,99,612,959,1,1,9,5,0
18,27,1,1,1,0,1,0,1,1,1,1,0,1,0,1,0,1,1,1,1,1,0,0,0,0,143,217,252,2,2,5,5,0
18,13,1,1,0,0,0,0,0,0,1,0,0,0,0,0,0,0,0,0,1,1,0,0,0,0,24,24,25,1,1,10,4,0
18,13,1,1,0,0,0,0,0,0,1,0,0,0,0,0,0,0,0,0,1,1,0,0,0,0,30,32,33,2,2,6,4,0
18,2,1,0,0,0,0,0,1,1,0,1,0,0,0,0,0,0,0,0,0,0,0,0,0,0,6,402,515,1,1,10,4,0
18,27,1,1,1,0,1,0,1,1,1,1,0,1,0,1,0,1,1,1,1,1,0,0,0,0,147,321,394,1,1,8,5,0
18,1,1,0,0,0,0,0,1,0,1,0,0,0,0,0,0,0,0,1,0,0,0,0,0,0,162,282,1322,1,1,10,4,1
18,27,1,1,1,0,1,0,1,1,1,1,0,1,0,1,0,1,1,1,1,1,0,0,0,0,16,16,155,1,1,10,5,0
18,1,1,0,0,0,0,0,1,0,1,0,0,0,0,0,0,0,0,1,0,0,0,0,0,0,33,47,50,1,1,10,4,1
18,27,1,1,1,0,1,0,1,1,1,1,0,1,0,1,0,1,1,1,1,1,0,0,0,0,18,432,553,1,1,9,5,0
18,19,1,1,0,0,0,0,0,0,1,0,0,0,0,0,0,0,0,0,0,0,0,0,0,0,107,459,600,1,1,10,4,0
18,3,1,1,0,0,0,0,0,0,1,0,0,0,0,0,0,0,0,0,0,0,0,0,0,0,14,14,14,1,1,9,4,0
18,2,1,0,0,0,0,0,1,1,0,1,0,0,0,0,0,0,0,0,0,0,0,0,0,0,122,175,196,1,1,10,5,0
18,6,1,1,0,0,0,0,0,0,0,0,0,1,0,0,0,0,0,0,0,0,0,0,0,0,42,185,1432,1,1,10,4,0
18,1,1,0,0,0,0,0,1,0,1,0,0,0,0,0,0,0,0,1,0,0,0,0,0,0,6,618,844,1,1,10,4,0
18,21,1,1,1,0,0,0,1,1,1,0,0,1,0,0,0,0,1,0,0,1,0,0,0,0,65,83,91,1,1,8,5,0
18,1,1,0,0,0,0,0,1,0,1,0,0,0,0,0,0,0,0,1,0,0,0,0,0,0,151,235,679,1,1,10,4,0
18,6,1,1,0,0,0,0,0,0,0,0,0,1,0,0,0,0,0,0,0,0,0,0,0,0,131,575,860,1,1,10,4,1
18,27,1,1,1,0,1,0,1,1,1,1,0,1,0,1,0,1,1,1,1,1,0,0,0,0,103,141,156,1,1,9,5,0
18,3,1,1,0,0,0,0,0,0,1,0,0,0,0,0,0,0,0,0,0,0,0,0,0,0,197,569,765,2,2,-1,4,0
18,27,1,1,1,0,1,0,1,1,1,1,0,1,0,1,0,1,1,1,1,1,0,0,0,0,151,235,274,2,2,5,5,0
18,2,1,0,0,0,0,0,1,1,0,1,0,0,0,0,0,0,0,0,0,0,0,0,0,0,109,378,479,1,1,10,4,0
18,2,1,0,0,0,0,0,1,1,0,1,0,0,0,0,0,0,0,0,0,0,0,0,0,0,174,726,1021,1,1,10,4,0
18,19,1,1,0,0,0,0,0,0,1,0,0,0,0,0,0,0,0,0,0,0,0,0,0,0,21,21,1307,1,1,10,4,0
18,4,1,1,0,0,0,0,0,0,1,0,0,0,0,0,0,0,0,0,0,0,0,0,0,0,74,210,242,1,1,10,4,0
18,1,1,0,0,0,0,0,1,0,1,0,0,0,0,0,0,0,0,1,0,0,0,0,0,0,33,425,546,1,1,10,4,0
18,27,1,1,1,0,1,0,1,1,1,1,0,1,0,1,0,1,1,1,1,1,0,0,0,0,24,24,25,1,1,8,5,1
18,27,1,1,1,0,1,0,1,1,1,1,0,1,0,1,0,1,1,1,1,1,0,0,0,0,71,91,2104,1,1,10,5,0
18,19,1,1,0,0,0,0,0,0,1,0,0,0,0,0,0,0,0,0,0,0,0,0,0,0,65,83,91,1,1,10,4,0
18,2,1,0,0,0,0,0,1,1,0,1,0,0,0,0,0,0,0,0,0,0,0,0,0,0,12,673,945,1,1,10,4,0
18,6,1,1,0,0,0,0,0,0,0,0,0,1,0,0,0,0,0,0,0,0,0,0,0,0,142,452,589,1,1,10,5,0
18,27,1,1,1,0,1,0,1,1,1,1,0,1,0,1,0,1,1,1,1,1,0,0,0,0,85,965,1415,1,1,10,5,0
18,13,1,1,0,0,0,0,0,0,1,0,0,0,0,0,0,0,0,0,1,1,0,0,0,0,78,623,852,1,1,10,4,0
18,27,1,1,1,0,1,0,1,1,1,1,0,1,0,1,0,1,1,1,1,1,0,0,0,0,160,277,330,1,1,9,5,1
18,27,1,1,1,0,1,0,1,1,1,1,0,1,0,1,0,1,1,1,1,1,0,0,0,0,4,66,71,1,1,9,5,0
18,1,1,0,0,0,0,0,1,0,1,0,0,0,0,0,0,0,0,1,0,0,0,0,0,0,201,908,1323,1,1,10,4,0
18,2,1,0,0,0,0,0,1,1,0,1,0,0,0,0,0,0,0,0,0,0,0,0,0,0,165,1032,1523,1,1,10,4,0
18,13,1,1,0,0,0,0,0,0,1,0,0,0,0,0,0,0,0,0,1,1,0,0,0,0,133,199,232,1,1,10,4,0
12,23,1,1,0,0,0,0,0,0,1,0,0,0,0,0,0,0,0,0,0,0,0,0,0,0,63,77,84,1,1,10,4,0
12,45,1,1,0,0,0,0,0,0,1,0,0,1,0,0,0,0,0,0,0,0,0,0,0,0,74,94,102,1,1,10,4,0
12,7,1,1,0,0,0,0,0,0,0,0,0,1,0,0,0,0,0,0,0,0,0,0,0,0,63,77,779,1,1,10,4,0
12,45,1,1,0,0,0,0,0,0,1,0,0,1,0,0,0,0,0,0,0,0,0,0,0,0,28,30,31,1,1,8,5,0
12,45,1,1,0,0,0,0,0,0,1,0,0,1,0,0,0,0,0,0,0,0,0,0,0,0,34,48,1172,1,1,10,5,0
12,45,1,1,0,0,0,0,0,0,1,0,0,1,0,0,0,0,0,0,0,0,0,0,0,0,134,773,1114,1,1,10,5,0
12,45,1,1,0,0,0,0,0,0,1,0,0,1,0,0,0,0,0,0,0,0,0,0,0,0,141,351,432,1,1,10,5,0
12,45,1,1,0,0,0,0,0,0,1,0,0,1,0,0,0,0,0,0,0,0,0,0,0,0,36,53,57,1,1,10,5,0
12,45,1,1,0,0,0,0,0,0,1,0,0,1,0,0,0,0,0,0,0,0,0,0,0,0,142,452,589,2,2,-1,4,0
12,11,1,1,0,0,0,0,0,0,1,0,0,0,0,0,0,0,0,1,0,0,0,0,0,0,41,898,1308,2,2,5,5,0
12,27,1,1,1,0,1,0,1,1,1,1,0,1,0,1,0,1,1,1,1,1,0,0,0,0,2,2,1501,1,1,9,5,0
12,27,1,1,1,0,1,0,1,1,1,1,0,1,0,1,0,1,1,1,1,1,0,0,0,0,102,138,1425,1,1,10,5,0
12,2,1,0,0,0,0,0,1,1,0,1,0,0,0,0,0,0,0,0,0,0,0,0,0,0,52,98,108,1,1,10,4,0
12,23,1,1,0,0,0,0,0,0,1,0,0,0,0,0,0,0,0,0,0,0,0,0,0,0,105,143,158,1,1,10,4,0
12,27,1,1,1,0,1,0,1,1,1,1,0,1,0,1,0,1,1,1,1,1,0,0,0,0,-1,-1,-1,1,1,7,5,0
12,8,1,1,0,0,0,0,0,0,1,0,0,0,0,0,0,0,0,0,0,0,0,0,0,0,1,1,1,1,1,10,5,0
12,45,1,1,0,0,0,0,0,0,1,0,0,1,0,0,0,0,0,0,0,0,0,0,0,0,112,1073,1576,1,1,10,4,0
12,45,1,1,0,0,0,0,0,0,1,0,0,1,0,0,0,0,0,0,0,0,0,0,0,0,46,55,59,2,2,-1,4,0
12,45,1,1,0,0,0,0,0,0,1,0,0,1,0,0,0,0,0,0,0,0,0,0,0,0,152,543,725,2,2,4,4,0
12,8,1,1,0,0,0,0,0,0,1,0,0,0,0,0,0,0,0,0,0,0,0,0,0,0,156,264,793,1,1,10,5,0
12,3,1,1,0,0,0,0,0,0,1,0,0,0,0,0,0,0,0,0,0,0,0,0,0,0,170,375,476,1,1,10,4,0
12,2,1,0,0,0,0,0,1,1,0,1,0,0,0,0,0,0,0,0,0,0,0,0,0,0,159,688,963,1,1,10,4,0
12,27,1,1,1,0,1,0,1,1,1,1,0,1,0,1,0,1,1,1,1,1,0,0,0,0,81,105,115,2,2,4,5,0
12,45,1,1,0,0,0,0,0,0,1,0,0,1,0,0,0,0,0,0,0,0,0,0,0,0,80,611,832,1,1,10,4,0
12,45,1,1,0,0,0,0,0,0,1,0,0,1,0,0,0,0,0,0,0,0,0,0,0,0,139,450,587,1,1,10,5,0
12,3,1,1,0,0,0,0,0,0,1,0,0,0,0,0,0,0,0,0,0,0,0,0,0,0,182,914,1335,2,2,-1,4,0
12,27,1,1,1,0,1,0,1,1,1,1,0,1,0,1,0,1,1,1,1,1,0,0,0,0,44,52,56,1,1,10,5,0
12,45,1,1,0,0,0,0,0,0,1,0,0,1,0,0,0,0,0,0,0,0,0,0,0,0,6,1016,1502,1,1,8,5,0
12,3,1,1,0,0,0,0,0,0,1,0,0,0,0,0,0,0,0,0,0,0,0,0,0,0,81,1507,2026,2,2,5,4,0
12,23,1,1,0,0,0,0,0,0,1,0,0,0,0,0,0,0,0,0,0,0,0,0,0,0,24,24,25,1,1,10,4,0
12,2,1,0,0,0,0,0,1,1,0,1,0,0,0,0,0,0,0,0,0,0,0,0,0,0,138,205,235,1,1,8,4,0
12,45,1,1,0,0,0,0,0,0,1,0,0,1,0,0,0,0,0,0,0,0,0,0,0,0,52,648,900,1,1,6,5,0
12,3,1,1,0,0,0,0,0,0,1,0,0,0,0,0,0,0,0,0,0,0,0,0,0,0,39,42,45,2,2,5,4,0
12,8,1,1,0,0,0,0,0,0,1,0,0,0,0,0,0,0,0,0,0,0,0,0,0,0,99,310,374,1,1,10,5,0
12,23,1,1,0,0,0,0,0,0,1,0,0,0,0,0,0,0,0,0,0,0,0,0,0,0,130,191,218,1,1,10,4,0
12,45,1,1,0,0,0,0,0,0,1,0,0,1,0,0,0,0,0,0,0,0,0,0,0,0,52,62,67,2,2,-1,4,0
12,17,1,1,0,0,0,0,0,0,1,0,0,0,0,0,0,0,0,0,0,0,0,0,0,0,-1,-1,-1,1,1,10,4,0
12,23,1,1,0,0,0,0,0,0,1,0,0,0,0,0,0,0,0,0,0,0,0,0,0,0,82,861,1246,1,1,9,4,0
12,27,1,1,1,0,1,0,1,1,1,1,0,1,0,1,0,1,1,1,1,1,0,0,0,0,41,411,1618,2,2,4,5,0
12,2,1,0,0,0,0,0,1,1,0,1,0,0,0,0,0,0,0,0,0,0,0,0,0,0,60,579,2317,1,1,10,4,0
12,7,1,1,0,0,0,0,0,0,0,0,0,1,0,0,0,0,0,0,0,0,0,0,0,0,57,472,621,1,1,10,4,0
12,13,1,1,0,0,0,0,0,0,1,0,0,0,0,0,0,0,0,0,1,1,0,0,0,0,22,166,186,1,1,10,4,0
12,8,1,1,0,0,0,0,0,0,1,0,0,0,0,0,0,0,0,0,0,0,0,0,0,0,142,452,589,1,1,10,5,0
12,45,1,1,0,0,0,0,0,0,1,0,0,1,0,0,0,0,0,0,0,0,0,0,0,0,77,100,153,1,1,9,5,0
12,45,1,1,0,0,0,0,0,0,1,0,0,1,0,0,0,0,0,0,0,0,0,0,0,0,21,21,22,1,1,9,5,0
12,27,1,1,1,0,1,0,1,1,1,1,0,1,0,1,0,1,1,1,1,1,0,0,0,0,32,297,444,1,1,7,5,0
12,27,1,1,1,0,1,0,1,1,1,1,0,1,0,1,0,1,1,1,1,1,0,0,0,0,178,358,446,1,1,10,5,0
12,45,1,1,0,0,0,0,0,0,1,0,0,1,0,0,0,0,0,0,0,0,0,0,0,0,106,2018,2319,1,1,10,4,0
12,8,1,1,0,0,0,0,0,0,1,0,0,0,0,0,0,0,0,0,0,0,0,0,0,0,179,376,477,1,1,10,5,0
12,45,1,1,0,0,0,0,0,0,1,0,0,1,0,0,0,0,0,0,0,0,0,0,0,0,91,503,557,1,1,9,5,0
12,3,1,1,0,0,0,0,0,0,1,0,0,0,0,0,0,0,0,0,0,0,0,0,0,0,20,20,21,2,2,6,4,0
12,45,1,1,0,0,0,0,0,0,1,0,0,1,0,0,0,0,0,0,0,0,0,0,0,0,59,299,357,1,1,10,5,0
12,45,1,1,0,0,0,0,0,0,1,0,0,1,0,0,0,0,0,0,0,0,0,0,0,0,29,387,492,1,1,10,4,0
12,45,1,1,0,0,0,0,0,0,1,0,0,1,0,0,0,0,0,0,0,0,0,0,0,0,111,155,174,1,1,8,4,0
12,3,1,1,0,0,0,0,0,0,1,0,0,0,0,0,0,0,0,0,0,0,0,0,0,0,187,462,605,2,2,6,5,0
12,23,1,0,0,0,0,0,0,0,1,0,0,1,0,0,0,0,0,0,1,0,0,0,0,0,36,39,42,1,1,10,4,0
12,2,1,0,0,0,0,0,1,1,0,1,0,0,0,0,0,0,0,0,0,0,0,0,0,0,131,575,425,1,1,10,5,0
12,1,1,0,0,0,0,0,1,0,1,0,0,0,0,0,0,0,0,1,0,0,0,0,0,0,107,400,511,1,1,9,4,1
12,8,1,1,0,0,0,0,0,0,1,0,0,0,0,0,0,0,0,0,0,0,0,0,0,0,13,13,13,2,2,5,5,0
12,45,1,1,0,0,0,0,0,0,1,0,0,1,0,0,0,0,0,0,0,0,0,0,0,0,61,735,1040,1,1,10,4,0
12,45,1,1,0,0,0,0,0,0,1,0,0,1,0,0,0,0,0,0,0,0,0,0,0,0,151,235,2309,2,2,-1,4,0
12,45,1,1,0,0,0,0,0,0,1,0,0,1,0,0,0,0,0,0,0,0,0,0,0,0,179,376,477,1,1,10,5,0
12,45,1,1,0,0,0,0,0,0,1,0,0,1,0,0,0,0,0,0,0,0,0,0,0,0,206,604,821,1,1,10,5,0
12,45,1,1,0,0,0,0,0,0,1,0,0,1,0,0,0,0,0,0,0,0,0,0,0,0,19,1194,1726,1,1,10,4,0
12,1,1,0,0,0,0,0,1,0,1,0,0,0,0,0,0,0,0,1,0,0,0,0,0,0,60,74,80,1,1,9,4,0
12,45,1,1,0,0,0,0,0,0,1,0,0,1,0,0,0,0,0,0,0,0,0,0,0,0,137,626,862,1,1,10,4,0
12,1,1,0,0,0,0,0,1,0,1,0,0,0,0,0,0,0,0,1,0,0,0,0,0,0,176,340,419,1,1,10,4,0
12,45,1,1,0,0,0,0,0,0,1,0,0,1,0,0,0,0,0,0,0,0,0,0,0,0,147,1031,1522,1,1,10,5,0
12,45,1,1,0,0,0,0,0,0,1,0,0,1,0,0,0,0,0,0,0,0,0,0,0,0,173,331,408,1,1,9,4,0
12,45,1,1,0,0,0,0,0,0,1,0,0,1,0,0,0,0,0,0,0,0,0,0,0,0,89,118,917,1,1,10,4,0
12,45,1,1,0,0,0,0,0,0,1,0,0,1,0,0,0,0,0,0,0,0,0,0,0,0,123,177,198,1,1,7,5,0
12,3,1,1,0,0,0,0,0,0,1,0,0,0,0,0,0,0,0,0,0,0,0,0,0,0,31,33,34,1,1,10,4,1
12,23,1,0,0,0,0,0,0,0,1,0,0,1,0,0,0,0,0,0,1,0,0,0,0,0,163,288,450,1,1,10,4,0
12,6,1,1,0,0,0,0,0,0,0,0,0,1,0,0,0,0,0,0,0,0,0,0,0,0,192,500,660,1,1,8,4,0
12,2,1,0,0,0,0,0,1,1,0,1,0,0,0,0,0,0,0,0,0,0,0,0,0,0,42,722,1013,1,1,10,4,0
12,45,1,1,0,0,0,0,0,0,1,0,0,1,0,0,0,0,0,0,0,0,0,0,0,0,122,434,555,2,2,6,4,0
12,6,1,1,0,0,0,0,0,0,0,0,0,1,0,0,0,0,0,0,0,0,0,0,0,0,29,692,1499,1,1,10,4,0
12,1,1,0,0,0,0,0,1,0,1,0,0,0,0,0,0,0,0,1,0,0,0,0,0,0,80,2027,2058,1,1,10,4,0
12,1,1,0,0,0,0,0,1,0,1,0,0,0,0,0,0,0,0,1,0,0,0,0,0,0,31,33,34,1,1,10,4,1
12,45,1,1,0,0,0,0,0,0,1,0,0,1,0,0,0,0,0,0,0,0,0,0,0,0,69,541,723,1,1,10,4,0
12,45,1,1,0,0,0,0,0,0,1,0,0,1,0,0,0,0,0,0,0,0,0,0,0,0,8,8,20,2,2,4,5,0
12,6,1,1,0,0,0,0,0,0,0,0,0,1,0,0,0,0,0,0,0,0,0,0,0,0,193,505,664,1,1,10,4,0
12,9,1,1,1,0,0,0,1,1,1,1,0,1,0,0,0,1,1,1,1,1,0,0,0,0,7,7,7,2,2,-1,4,0
12,45,1,1,0,0,0,0,0,0,1,0,0,1,0,0,0,0,0,0,0,0,0,0,0,0,177,887,1283,1,1,10,5,0
12,3,1,1,0,0,0,0,0,0,1,0,0,0,0,0,0,0,0,0,0,0,0,0,0,0,75,95,105,1,1,10,4,0
12,23,1,0,0,0,0,0,0,0,1,0,0,1,0,0,0,0,0,0,1,0,0,0,0,0,18,800,1160,1,1,10,4,0
12,16,1,1,0,0,0,0,1,0,1,1,0,0,0,0,0,0,0,0,0,0,0,0,0,0,2,2,2,2,2,6,4,0
12,45,1,1,0,0,0,0,0,0,1,0,0,1,0,0,0,0,0,0,0,0,0,0,0,0,98,266,1658,1,1,10,5,0
